  121.927262   100.361033
  131.866302    98.582725
  131.616248   151.921255
  132.982368   206.280458
  121.057772   206.663477
  115.858999   204.226508
  111.592582   102.214192
  111.995540   156.206923
  116.143611   210.967569
  105.071321   208.694663
  100.053020   206.142396
  121.925161   100.348911
  126.175048    71.950274
  122.312313    40.312488
  113.983954    31.396669
  114.573825    18.291901
  122.312313    40.312488
  112.624034    47.814611
   96.112575    78.557027
   89.533063    62.809816
   89.533063    62.809816
   88.640000    51.135912
   80.365468    61.244352
   80.365468    61.244352
  122.312313    40.312488
  129.894866    43.289082
  118.532160    42.726779
  100.265864    43.824283
  100.265864    43.824283
   94.151212    52.645742
   96.413116    46.675902
   96.413116    46.675902
