     1559815
     1559879
     1559943
     1560007
     1560071
     1560135
     1560199
     1560263
     1560327
     1560391
     1560455
     1560519
     1560583
     1560647
     1560711
     1560775
     1560839
     1560903
     1560967
     1561031
     1561095
     1561159
     1561223
     1561287
     1561351
     1561415
     1561479
     1561543
     1561607
     1561671
     1561735
     1561799
     1561863
     1561927
     1561991
     1562055
     1562119
     1562183
     1562247
     1562311
     1562375
     1562439
     1562503
     1562567
     1562631
     1562695
     1562759
     1562823
     1562887
     1562951
     1563015
     1563079
     1563143
     1563207
     1563271
     1563335
     1563399
     1563463
     1563527
     1563591
     1563655
     1563719
     1563783
     1563847
     1563911
     1563975
     1564039
     1564103
     1564167
     1564231
     1564295
     1564359
     1564423
     1564487
     1564551
     1564615
     1564679
     1564743
     1564807
     1564871
     1564935
     1564999
     1565063
     1565127
     1565191
     1565255
     1565319
     1565383
     1565447
     1565511
     1565575
     1565639
     1565703
     1565767
     1565831
     1565895
     1565959
     1566023
     1566087
     1566151
     1566215
     1566279
     1566343
     1566407
     1566471
     1566535
     1566599
     1566663
     1566727
     1566791
     1566855
     1566919
     1566983
     1567047
     1567111
     1567175
     1567239
     1567303
     1567367
     1567431
     1567495
     1567559
     1567623
     1567687
     1567751
     1567815
     1567879
     1567943
     1568007
     1568071
     1568135
     1568199
     1568263
     1568327
     1568391
     1568455
     1568519
     1568583
     1568647
     1568711
     1568775
     1568839
     1568903
     1568967
     1569031
     1569095
     1569159
     1569223
     1569287
     1569351
     1569415
     1569479
     1569543
     1569607
     1569671
     1569735
     1569799
     1569863
     1569927
     1569991
     1570055
     1570119
     1570183
     1570247
     1570311
     1570375
     1570439
     1570503
     1570567
     1570631
     1570695
     1570759
     1570823
     1570887
     1570951
     1571015
     1571079
     1571143
     1571207
     1571271
     1571335
     1571399
     1571463
     1571527
     1571591
     1571655
     1571719
     1571783
     1571847
     1571911
     1571975
     1572039
     1572103
     1572167
     1572231
     1572295
     1572359
     1572423
     1572487
     1572551
     1572615
     1572679
     1572743
     1572807
     1572871
     1572935
     1572999
     1573063
     1573127
     1573191
     1573255
     1573319
     1573383
     1573447
     1573511
     1573575
     1573639
     1573703
     1573767
     1573831
     1573895
     1573959
     1574023
     1574087
     1574151
     1574215
     1574279
     1574343
     1574407
     1574471
     1574535
     1574599
     1574663
     1574727
     1574791
     1574855
     1574919
     1574983
     1575047
     1575111
     1575175
     1575239
     1575303
     1575367
     1575431
     1575495
     1575559
     1575623
     1575687
     1575751
     1575815
     1575879
     1575943
     1576007
     1576071
     1576135
     1576199
     1576263
     1576327
     1576391
     1576455
     1576519
     1576583
     1576647
     1576711
     1576775
     1576839
     1576903
     1576967
     1577031
     1577095
     1577159
     1577223
     1577287
     1577351
     1577415
     1577479
     1577543
     1577607
     1577671
     1577735
     1577799
     1577863
     1577927
     1577991
     1578055
     1578119
     1578183
     1578247
     1578311
     1578375
     1578439
     1578503
     1578567
     1578631
     1578695
     1578759
     1578823
     1578887
     1578951
     1579015
     1579079
     1579143
     1579207
     1579271
     1579335
     1579399
     1579463
     1579527
     1579591
     1579655
     1579719
     1579783
     1579847
     1579911
     1579975
     1877483
     1877547
     1877611
     1877675
     1877739
     1877803
     1877867
     1877931
     1877995
     1878059
     1878123
     1878187
     1878251
     1878315
     1878379
     1878443
     1878507
     1878571
     1878635
     1878699
     1878763
     1878827
     1878891
     1878955
     1879019
     1879083
     1879147
     1879211
     1879275
     1879339
     1879403
     1879467
     1879531
     1879595
     1879659
     1879723
     1879787
     1879851
     1879915
     1879979
     1880043
     1880107
     1880171
     1880235
     1880299
     1880363
     1880427
     1880491
     1880555
     1880619
     1880683
     1880747
     1880811
     1880875
     1880939
     1881003
     1881067
     1881131
     1881195
     1881259
     1881323
     1881387
     1881451
     1881515
     1881579
     1881643
     1881707
     1881771
     1881835
     1881899
     1881963
     1882027
     1882091
     1882155
     1882219
     1882283
     1882347
     1882411
     1882475
     1882539
     1882603
     1882667
     1882731
     1882795
     1882859
     1882923
     1882987
     1883051
     1883115
     1883179
     1883243
     1883307
     1883371
     1883435
     1883499
     1883563
     1883627
     1883691
     1883755
     1883819
     1883883
     1883947
     1884011
     1884075
     1884139
     1884203
     1884267
     1884331
     1884395
     1884459
     1884523
     1884587
     1884651
     1884715
     1884779
     1884843
     1884907
     1884971
     1885035
     1885099
     1885163
     1885227
     1885291
     1885355
     1885419
     1885483
     1885547
     1885611
     1885675
     1885739
     1885803
     1885867
     1885931
     1885995
     1886059
     1886123
     1886187
     1886251
     1886315
     1886379
     1886443
     1886507
     1886571
     1886635
     1886699
     1886763
     1886827
     1886891
     1886955
     1887019
     1887083
     1887147
     1887211
     1887275
     1887339
     1887403
     1887467
     1887531
     1887595
     1887659
     1887723
     1887787
     1887851
     1887915
     1887979
     1888043
     1888107
     1888171
     1888235
     1888299
     1888363
     1888427
     1888491
     1888555
     1888619
     1888683
     1888747
     1888811
     1888875
     1888939
     1889003
     1889067
     1889131
