     1580035
     1580099
     1580163
     1580227
     1580291
     1580355
     1580419
     1580483
     1580547
     1580611
     1580675
     1580739
     1580803
     1580867
     1580931
     1580995
     1581059
     1581123
     1581187
     1581251
     1581315
     1581379
     1581443
     1581507
     1581571
     1581635
     1581699
     1581763
     1581827
     1581891
     1581955
     1582019
     1582083
     1582147
     1582211
     1582275
     1582339
     1582403
     1582467
     1582531
     1582595
     1582659
     1582723
     1582787
     1582851
     1582915
     1582979
     1583043
     1583107
     1583171
     1583235
     1583299
     1583363
     1583427
     1583491
     1583555
     1583619
     1583683
     1583747
     1583811
     1583875
     1583939
     1584003
     1584067
     1584131
     1584195
     1584259
     1584323
     1584387
     1584451
     1584515
     1584579
     1584643
     1584707
     1584771
     1584835
     1584899
     1584963
     1585027
     1585091
     1585155
     1585219
     1585283
     1585347
     1585411
     1585475
     1585539
     1585603
     1585667
     1585731
     1585795
     1585859
     1585923
     1585987
     1586051
     1586115
     1586179
     1586243
     1586307
     1586371
     1586435
     1586499
     1586563
     1586627
     1586691
     1586755
     1586819
     1586883
     1586947
     1587011
     1587075
     1587139
     1587203
     1587267
     1587331
     1587395
     1587459
     1587523
     1587587
     1587651
     1587715
     1587779
     1587843
     1587907
     1587971
     1588035
     1588099
     1588163
     1588227
     1588291
     1588355
     1588419
     1588483
     1588547
     1588611
     1588675
     1588739
     1588803
     1588867
     1588931
     1588995
     1589059
     1589123
     1589187
     1589251
     1589315
     1589379
     1589443
     1589507
     1589571
     1589635
     1589699
     1589763
     1589827
     1589891
     1589955
     1590019
     1590083
     1590147
     1590211
     1590275
     1590339
     1590403
     1590467
     1590531
     1590595
     1590659
     1590723
     1590787
     1590851
     1590915
     1590979
     1591043
     1591107
     1591171
     1591235
     1591299
     1591363
     1591427
     1591491
     1591555
     1591619
     1591683
     1591747
     1591811
     1591875
     1591939
     1592003
     1592067
     1592131
     1592195
     1592259
     1592323
     1592387
     1592451
     1592515
     1592579
     1592643
     1592707
     1592771
     1592835
     1592899
     1592963
     1593027
     1593091
     1593155
     1593219
     1593283
     1593347
     1593411
     1593475
     1593539
     1593603
     1593667
     1593731
     1593795
     1593859
     1593923
     1593987
     1594051
     1594115
     1594179
     1594243
     1594307
     1594371
     1594435
     1594499
     1594563
     1594627
     1594691
     1594755
     1594819
     1594883
     1594947
     1595011
     1595075
     1595139
     1595203
     1595267
     1595331
     1595395
     1595459
     1595523
     1595587
     1595651
     1595715
     1595779
     1595843
     1595907
     1595971
     1596035
     1596099
     1596163
     1596227
     1596291
     1596355
     1596419
     1596483
     1596547
     1596611
     1596675
     1596739
     1596803
     1596867
     1596931
     1596995
     1597059
     1597123
     1597187
     1597251
     1597315
     1597379
     1597443
     1597507
     1597571
     1597635
     1597699
     1597763
     1597827
     1597891
     1597955
     1598019
     1598083
     1598147
     1598211
     1598275
     1598339
     1598403
     1598467
     1598531
     1598595
     1598659
     1598723
     1598787
     1598851
     1598915
     1598979
     1599043
     1599107
     1599171
     1599235
     1599299
     1599363
     1599427
     1599491
     1599555
     1599619
     1599683
     1599747
     1599811
     1599875
     1599939
     1600003
     1600067
     1600131
     1600195
     1600259
     1600323
     1600387
     1600451
     1600515
     1600579
     1600643
     1600707
     1600771
     1600835
     1600899
     1600963
     1601027
     1601091
     1601155
     1601219
     1601283
     1601347
     1601411
     1601475
     1601539
     1601603
     1601667
     1601731
     1601795
     1601859
     1601923
     1601987
     1602051
     1602115
     1602179
     1602243
     1602307
     1602371
     1602435
     1602499
     1602563
     1602627
     1602691
     1602755
     1602819
     1602883
     1602947
     1603011
     1603075
     1603139
     1603203
     1603267
     1603331
     1603395
     1603459
     1603523
     1603587
     1603651
     1603715
     1603779
     1603843
     1603907
     1603971
     1604035
     1604099
     1604163
     1604227
     1604291
     1604355
     1604419
     1604483
     1604547
     1604611
     1604675
     1604739
     1604803
     1604867
     1604931
     1604995
     1605059
     1605123
     1605187
     1605251
     1605315
     1605379
     1605443
     1605507
     1605571
     1605635
     1605699
     1605763
     1605827
     1605891
     1605955
     1606019
     1606083
     1606147
     1606211
     1606275
     1606339
     1606403
     1606467
     1606531
     1606595
     1606659
     1606723
     1606787
     1606851
     1606915
     1606979
     1607043
     1607107
     1607171
     1607235
     1607299
     1607363
     1607427
     1607491
     1607555
     1607619
     1607683
     1607747
     1607811
     1607875
     1607939
     1608003
     1608067
     1608131
     1608195
     1608259
     1608323
     1608387
     1608451
     1608515
     1608579
     1608643
     1608707
     1608771
     1608835
     1608899
     1608963
     1609027
     1609091
     1609155
     1609219
     1609283
     1609347
     1609411
     1609475
     1609539
     1609603
     1609667
     1609731
     1609795
     1609859
     1609923
     1609987
     1610051
     1610115
     1610179
     1610243
     1610307
     1610371
     1610435
     1610499
     1610563
     1610627
     1610691
     1610755
     1610819
     1610883
     1610947
     1611011
     1611075
     1611139
     1611203
     1611267
     1611331
     1611395
     1611459
     1611523
     1611587
     1611651
     1611715
     1611779
     1611843
     1611907
     1611971
     1612035
     1612099
     1612163
     1612227
     1612291
     1612355
     1612419
     1612483
     1612547
     1612611
     1612675
     1612739
     1612803
     1612867
     1612931
     1612995
     1613059
     1613123
     1613187
     1613251
     1613315
     1613379
     1613443
     1613507
     1613571
     1613635
     1613699
     1613763
     1613827
     1613891
     1613955
     1614019
     1614083
     1614147
     1614211
     1614275
     1614339
     1614403
     1614467
     1614531
     1614595
     1614659
     1614723
     1614787
     1614851
     1614915
     1614979
     1615043
     1615107
     1615171
     1615235
     1615299
     1615363
     1615427
     1615491
     1615555
     1615619
     1615683
     1615747
     1615811
     1615875
     1615939
     1616003
     1616067
     1616131
     1616195
     1616259
     1616323
     1616387
     1616451
     1616515
     1616579
     1616643
     1616707
     1616771
     1616835
     1616899
     1616963
     1617027
     1617091
     1617155
     1617219
     1617283
     1617347
     1617411
     1617475
     1617539
     1617603
     1617667
     1617731
     1617795
     1617859
     1617923
     1617987
     1618051
     1618115
     1618179
     1618243
     1618307
     1618371
     1618435
     1618499
     1618563
     1618627
     1618691
     1618755
     1618819
     1618883
     1618947
     1619011
     1619075
     1619139
     1619203
     1619267
     1619331
     1619395
     1619459
     1619523
     1619587
     1619651
     1619715
     1619779
     1619843
     1619907
     1619971
     1620035
     1620099
     1620163
     1620227
     1620291
     1620355
     1620419
     1620483
     1620547
     1620611
     1620675
     1620739
     1620803
     1620867
     1620931
     1620995
     1621059
     1621123
     1621187
     1621251
     1621315
     1621379
     1621443
     1621507
     1621571
     1621635
     1621699
     1621763
     1621827
     1621891
     1621955
     1622019
     1622083
     1622147
     1622211
     1622275
     1622339
     1622403
     1622467
     1622531
     1622595
     1622659
     1622723
     1622787
     1622851
     1622915
     1622979
     1623043
     1623107
     1623171
     1623235
     1623299
     1623363
     1623427
     1623491
     1623555
     1623619
     1623683
     1623747
     1623811
     1623875
     1623939
     1624003
     1624067
     1624131
     1624195
     1624259
     1624323
     1624387
     1624451
     1624515
     1624579
     1624643
     1624707
     1889166
     1889230
     1889294
     1889358
     1889422
     1889486
     1889550
     1889614
     1889678
     1889742
     1889806
     1889870
     1889934
     1889998
     1890062
     1890126
     1890190
     1890254
     1890318
     1890382
     1890446
     1890510
     1890574
     1890638
     1890702
     1890766
     1890830
     1890894
     1890958
     1891022
     1891086
     1891150
     1891214
     1891278
     1891342
     1891406
     1891470
     1891534
     1891598
     1891662
     1891726
     1891790
     1891854
     1891918
     1891982
     1892046
     1892110
     1892174
     1892238
     1892302
     1892366
     1892430
     1892494
     1892558
     1892622
     1892686
     1892750
     1892814
     1892878
     1892942
     1893006
     1893070
     1893134
     1893198
     1893262
     1893326
     1893390
     1893454
     1893518
     1893582
     1893646
     1893710
     1893774
     1893838
     1893902
     1893966
     1894030
     1894094
     1894158
     1894222
     1894286
     1894350
     1894414
     1894478
     1894542
     1894606
     1894670
     1894734
     1894798
     1894862
     1894926
     1894990
     1895054
     1895118
     1895182
     1895246
     1895310
     1895374
     1895438
     1895502
     1895566
     1895630
     1895694
     1895758
     1895822
     1895886
     1895950
     1896014
     1896078
     1896142
     1896206
     1896270
     1896334
     1896398
     1896462
     1896526
     1896590
     1896654
     1896718
     1896782
     1896846
     1896910
     1896974
     1897038
     1897102
     1897166
     1897230
     1897294
     1897358
     1897422
     1897486
     1897550
     1897614
     1897678
     1897742
     1897806
     1897870
     1897934
     1897998
     1898062
     1898126
     1898190
     1898254
     1898318
     1898382
     1898446
     1898510
     1898574
     1898638
     1898702
     1898766
     1898830
     1898894
     1898958
     1899022
     1899086
     1899150
     1899214
     1899278
     1899342
     1899406
     1899470
     1899534
     1899598
     1899662
     1899726
     1899790
     1899854
     1899918
     1899982
     1900046
     1900110
     1900174
     1900238
     1900302
     1900366
     1900430
     1900494
     1900558
     1900622
     1900686
     1900750
     1900814
     1900878
     1900942
     1901006
     1901070
     1901134
     1901198
     1901262
     1901326
     1901390
     1901454
     1901518
     1901582
     1901646
     1901710
     1901774
     1901838
     1901902
     1901966
     1902030
     1902094
     1902158
     1902222
     1902286
     1902350
     1902414
     1902478
     1902542
     1902606
     1902670
     1902734
     1902798
     1902862
     1902926
     1902990
     1903054
     1903118
     1903182
     1903246
     1903310
     1903374
     1903438
     1903502
     1903566
     1903630
     1903694
     1903758
     1903822
     1903886
     1903950
     1904014
     1904078
     1904142
     1904206
     1904270
     1904334
     1904398
     1904462
     1904526
     1904590
     1904654
     1904718
     1904782
     1904846
     1904910
     1904974
     1905038
     1905102
     1905166
     1905230
     1905294
     1905358
     1905422
     1905486
     1905550
     1905614
     1905678
     1905742
     1905806
     1905870
     1905934
     1905998
     1906062
     1906126
     1906190
     1906254
     1906318
     1906382
     1906446
     1906510
     1906574
     1906638
     1906702
     1906766
     1906830
     1906894
     1906958
     1907022
     1907086
     1907150
     1907214
     1907278
     1907342
     1907406
     1907470
     1907534
     1907598
     1907662
     1907726
     1907790
     1907854
     1907918
     1907982
     1908046
     1908110
     1908174
     1908238
     1908302
     1908366
     1908430
     1908494
     1908558
     1908622
