     1624751
     1624815
     1624879
     1624943
     1625007
     1625071
     1625135
     1625199
     1625263
     1625327
     1625391
     1625455
     1625519
     1625583
     1625647
     1625711
     1625775
     1625839
     1625903
     1625967
     1626031
     1626095
     1626159
     1626223
     1626287
     1626351
     1626415
     1626479
     1626543
     1626607
     1626671
     1626735
     1626799
     1626863
     1626927
     1626991
     1627055
     1627119
     1627183
     1627247
     1627311
     1627375
     1627439
     1627503
     1627567
     1627631
     1627695
     1627759
     1627823
     1627887
     1627951
     1628015
     1628079
     1628143
     1628207
     1628271
     1628335
     1628399
     1628463
     1628527
     1628591
     1628655
     1628719
     1628783
     1628847
     1628911
     1628975
     1629039
     1629103
     1629167
     1629231
     1629295
     1629359
     1629423
     1629487
     1629551
     1629615
     1629679
     1629743
     1629807
     1629871
     1629935
     1629999
     1630063
     1630127
     1630191
     1630255
     1630319
     1630383
     1630447
     1630511
     1630575
     1630639
     1630703
     1630767
     1630831
     1630895
     1630959
     1631023
     1631087
     1631151
     1631215
     1631279
     1631343
     1631407
     1631471
     1631535
     1631599
     1631663
     1631727
     1631791
     1631855
     1631919
     1631983
     1632047
     1632111
     1632175
     1632239
     1632303
     1632367
     1632431
     1632495
     1632559
     1632623
     1632687
     1632751
     1632815
     1632879
     1632943
     1633007
     1633071
     1633135
     1633199
     1633263
     1633327
     1633391
     1633455
     1633519
     1633583
     1633647
     1633711
     1633775
     1633839
     1633903
     1633967
     1634031
     1634095
     1634159
     1634223
     1634287
     1634351
     1634415
     1634479
     1634543
     1634607
     1634671
     1634735
     1634799
     1634863
     1634927
     1634991
     1635055
     1635119
     1635183
     1635247
     1635311
     1635375
     1635439
     1635503
     1635567
     1635631
     1635695
     1635759
     1635823
     1635887
     1635951
     1636015
     1636079
     1636143
     1636207
     1636271
     1636335
     1636399
     1636463
     1636527
     1636591
     1636655
     1636719
     1636783
     1636847
     1636911
     1636975
     1637039
     1637103
     1637167
     1637231
     1637295
     1637359
     1637423
     1637487
     1637551
     1637615
     1637679
     1637743
     1637807
     1637871
     1637935
     1637999
     1638063
     1638127
     1638191
     1638255
     1638319
     1638383
     1638447
     1638511
     1638575
     1638639
     1638703
     1638767
     1638831
     1638895
     1638959
     1639023
     1639087
     1639151
     1639215
     1639279
     1639343
     1639407
     1639471
     1639535
     1639599
     1639663
     1639727
     1639791
     1639855
     1639919
     1639983
     1640047
     1640111
     1640175
     1640239
     1640303
     1640367
     1640431
     1640495
     1640559
     1640623
     1640687
     1640751
     1640815
     1640879
     1640943
     1641007
     1641071
     1641135
     1641199
     1641263
     1641327
     1641391
     1641455
     1641519
     1641583
     1641647
     1641711
     1641775
     1641839
     1641903
     1641967
     1642031
     1642095
     1642159
     1642223
     1642287
     1642351
     1642415
     1642479
     1642543
     1642607
     1642671
     1642735
     1642799
     1642863
     1642927
     1642991
     1643055
     1643119
     1643183
     1643247
     1643311
     1643375
     1643439
     1643503
     1643567
     1643631
     1643695
     1643759
     1643823
     1643887
     1643951
     1644015
     1644079
     1644143
     1644207
     1644271
     1644335
     1644399
     1644463
     1644527
     1644591
     1644655
     1644719
     1644783
     1644847
     1644911
     1644975
     1645039
     1645103
     1645167
     1645231
     1645295
     1645359
     1645423
     1645487
     1645551
     1645615
     1645679
     1645743
     1645807
     1645871
     1645935
     1645999
     1646063
     1908694
     1908758
     1908822
     1908886
     1908950
     1909014
     1909078
     1909142
     1909206
     1909270
     1909334
     1909398
     1909462
     1909526
     1909590
     1909654
     1909718
     1909782
     1909846
     1909910
     1909974
     1910038
     1910102
     1910166
     1910230
     1910294
     1910358
     1910422
     1910486
     1910550
     1910614
     1910678
     1910742
     1910806
     1910870
     1910934
     1910998
     1911062
     1911126
     1911190
     1911254
     1911318
     1911382
     1911446
     1911510
     1911574
     1911638
     1911702
     1911766
     1911830
     1911894
     1911958
     1912022
     1912086
     1912150
     1912214
     1912278
     1912342
     1912406
     1912470
     1912534
     1912598
     1912662
     1912726
     1912790
     1912854
     1912918
     1912982
     1913046
     1913110
     1913174
     1913238
     1913302
     1913366
     1913430
     1913494
     1913558
     1913622
     1913686
     1913750
     1913814
     1913878
     1913942
     1914006
     1914070
     1914134
     1914198
     1914262
     1914326
     1914390
     1914454
     1914518
     1914582
     1914646
     1914710
     1914774
     1914838
     1914902
     1914966
     1915030
     1915094
     1915158
     1915222
     1915286
     1915350
     1915414
     1915478
     1915542
     1915606
     1915670
     1915734
     1915798
     1915862
     1915926
     1915990
     1916054
     1916118
     1916182
     1916246
     1916310
     1916374
     1916438
     1916502
     1916566
     1916630
     1916694
     1916758
     1916822
     1916886
     1916950
     1917014
     1917078
     1917142
     1917206
     1917270
     1917334
     1917398
     1917462
     1917526
     1917590
     1917654
     1917718
     1917782
     1917846
     1917910
     1917974
     1918038
     1918102
     1918166
     1918230
     1918294
     1918358
     1918422
     1918486
     1918550
     1918614
     1918678
     1918742
     1918806
     1918870
     1918934
     1918998
     1919062
     1919126
     1919190
     1919254
     1919318
     1919382
     1919446
     1919510
     1919574
     1919638
     1919702
     1919766
     1919830
     1919894
     1919958
     1920022
     1920086
     1920150
     1920214
     1920278
     1920342
     1920406
     1920470
     1920534
     1920598
     1920662
     1920726
     1920790
     1920854
     1920918
     1920982
     1921046
     1921110
     1921174
     1921238
     1921302
     1921366
     1921430
     1921494
     1921558
     1921622
     1921686
     1921750
     1921814
     1921878
     1921942
     1922006
     1922070
     1922134
     1922198
     1922262
     1922326
     1922390
     1922454
     1922518
     1922582
     1922646
     1922710
     1922774
     1922838
     1922902
     1922966
     1923030
     1923094
     1923158
     1923222
     1923286
     1923350
     1923414
     1923478
     1923542
     1923606
     1923670
     1923734
     1923798
     1923862
     1923926
     1923990
     1924054
     1924118
     1924182
     1924246
     1924310
     1924374
     1924438
     1924502
     1924566
     1924630
     1924694
     1924758
     1924822
     1924886
     1924950
     1925014
     1925078
     1925142
     1925206
     1925270
     1925334
     1925398
     1925462
     1925526
     1925590
     1925654
     1925718
     1925782
     1925846
     1925910
     1925974
     1926038
     1926102
     1926166
     1926230
     1926294
     1926358
     1926422
     1926486
     1926550
