     1646147
     1646211
     1646275
     1646339
     1646403
     1646467
     1646531
     1646595
     1646659
     1646723
     1646787
     1646851
     1646915
     1646979
     1647043
     1647107
     1647171
     1647235
     1647299
     1647363
     1647427
     1647491
     1647555
     1647619
     1647683
     1647747
     1647811
     1647875
     1647939
     1648003
     1648067
     1648131
     1648195
     1648259
     1648323
     1648387
     1648451
     1648515
     1648579
     1648643
     1648707
     1648771
     1648835
     1648899
     1648963
     1649027
     1649091
     1649155
     1649219
     1649283
     1649347
     1649411
     1649475
     1649539
     1649603
     1649667
     1649731
     1649795
     1649859
     1649923
     1649987
     1650051
     1650115
     1650179
     1650243
     1650307
     1650371
     1650435
     1650499
     1650563
     1650627
     1650691
     1650755
     1650819
     1650883
     1650947
     1651011
     1651075
     1651139
     1651203
     1651267
     1651331
     1651395
     1651459
     1651523
     1651587
     1651651
     1651715
     1651779
     1651843
     1651907
     1651971
     1652035
     1652099
     1652163
     1652227
     1652291
     1652355
     1652419
     1652483
     1652547
     1652611
     1652675
     1652739
     1652803
     1652867
     1652931
     1652995
     1653059
     1653123
     1653187
     1653251
     1653315
     1653379
     1653443
     1653507
     1653571
     1653635
     1653699
     1653763
     1653827
     1653891
     1653955
     1654019
     1654083
     1654147
     1654211
     1654275
     1654339
     1654403
     1654467
     1654531
     1654595
     1654659
     1654723
     1654787
     1654851
     1654915
     1654979
     1655043
     1655107
     1655171
     1655235
     1655299
     1655363
     1655427
     1655491
     1655555
     1655619
     1655683
     1655747
     1655811
     1655875
     1655939
     1656003
     1656067
     1656131
     1656195
     1656259
     1656323
     1656387
     1656451
     1656515
     1656579
     1656643
     1656707
     1656771
     1656835
     1656899
     1656963
     1657027
     1657091
     1657155
     1657219
     1657283
     1657347
     1657411
     1657475
     1657539
     1657603
     1657667
     1657731
     1657795
     1657859
     1657923
     1657987
     1658051
     1658115
     1658179
     1658243
     1658307
     1658371
     1658435
     1658499
     1658563
     1658627
     1658691
     1658755
     1658819
     1658883
     1658947
     1659011
     1659075
     1659139
     1659203
     1659267
     1659331
     1659395
     1659459
     1659523
     1659587
     1659651
     1659715
     1659779
     1659843
     1659907
     1659971
     1660035
     1660099
     1660163
     1660227
     1660291
     1660355
     1660419
     1660483
     1660547
     1660611
     1660675
     1660739
     1660803
     1660867
     1660931
     1660995
     1661059
     1661123
     1661187
     1661251
     1661315
     1661379
     1661443
     1661507
     1661571
     1661635
     1661699
     1661763
     1661827
     1661891
     1661955
     1662019
     1662083
     1662147
     1662211
     1662275
     1662339
     1662403
     1662467
     1662531
     1662595
     1662659
     1662723
     1926606
     1926670
     1926734
     1926798
     1926862
     1926926
     1926990
     1927054
     1927118
     1927182
     1927246
     1927310
     1927374
     1927438
     1927502
     1927566
     1927630
     1927694
     1927758
     1927822
     1927886
     1927950
     1928014
     1928078
     1928142
     1928206
     1928270
     1928334
     1928398
     1928462
     1928526
     1928590
     1928654
     1928718
     1928782
     1928846
     1928910
     1928974
     1929038
     1929102
     1929166
     1929230
     1929294
     1929358
     1929422
     1929486
     1929550
     1929614
     1929678
     1929742
     1929806
     1929870
     1929934
     1929998
     1930062
     1930126
     1930190
     1930254
     1930318
     1930382
     1930446
     1930510
     1930574
     1930638
     1930702
     1930766
     1930830
     1930894
     1930958
     1931022
     1931086
     1931150
     1931214
     1931278
     1931342
     1931406
     1931470
     1931534
     1931598
     1931662
     1931726
     1931790
     1931854
     1931918
     1931982
     1932046
     1932110
     1932174
     1932238
     1932302
     1932366
     1932430
     1932494
     1932558
     1932622
     1932686
     1932750
     1932814
     1932878
     1932942
     1933006
     1933070
     1933134
     1933198
     1933262
     1933326
     1933390
     1933454
     1933518
     1933582
     1933646
     1933710
     1933774
     1933838
     1933902
     1933966
     1934030
     1934094
     1934158
     1934222
     1934286
     1934350
     1934414
     1934478
     1934542
     1934606
     1934670
     1934734
     1934798
     1934862
     1934926
     1934990
     1935054
     1935118
     1935182
     1935246
     1935310
     1935374
     1935438
     1935502
     1935566
     1935630
     1935694
     1935758
     1935822
     1935886
     1935950
     1936014
     1936078
     1936142
     1936206
     1936270
     1936334
     1936398
     1936462
     1936526
     1936590
     1936654
     1936718
     1936782
     1936846
     1936910
     1936974
     1937038
     1937102
     1937166
     1937230
     1937294
     1937358
     1937422
     1937486
     1937550
     1937614
     1937678
     1937742
     1937806
     1937870
     1937934
     1937998
     1938062
     1938126
     1938190
     1938254
     1938318
     1938382
     1938446
     1938510
     1938574
     1938638
     1938702
     1938766
     1938830
     1938894
     1938958
     1939022
     1939086
     1939150
     1939214
     1939278
     1939342
     1939406
     1939470
     1939534
     1939598
     1939662
     1939726
     1939790
     1939854
     1939918
     1939982
     1940046
     1940110
     1940174
     1940238
     1940302
     1940366
     1940430
     1940494
     1940558
