     1662779
     1662843
     1662907
     1662971
     1663035
     1663099
     1663163
     1663227
     1663291
     1663355
     1663419
     1663483
     1663547
     1663611
     1663675
     1663739
     1663803
     1663867
     1663931
     1663995
     1664059
     1664123
     1664187
     1664251
     1664315
     1664379
     1664443
     1664507
     1664571
     1664635
     1664699
     1664763
     1664827
     1664891
     1664955
     1665019
     1665083
     1665147
     1665211
     1665275
     1665339
     1665403
     1665467
     1665531
     1665595
     1665659
     1665723
     1665787
     1665851
     1665915
     1665979
     1666043
     1666107
     1666171
     1666235
     1666299
     1666363
     1666427
     1666491
     1666555
     1666619
     1666683
     1666747
     1666811
     1666875
     1666939
     1667003
     1667067
     1667131
     1667195
     1667259
     1667323
     1667387
     1667451
     1667515
     1667579
     1667643
     1667707
     1667771
     1667835
     1667899
     1667963
     1668027
     1668091
     1668155
     1668219
     1668283
     1668347
     1668411
     1668475
     1668539
     1668603
     1668667
     1668731
     1668795
     1668859
     1668923
     1668987
     1669051
     1669115
     1669179
     1669243
     1669307
     1669371
     1669435
     1669499
     1669563
     1669627
     1669691
     1669755
     1669819
     1669883
     1669947
     1670011
     1670075
     1670139
     1670203
     1670267
     1670331
     1670395
     1670459
     1670523
     1670587
     1670651
     1670715
     1670779
     1670843
     1670907
     1670971
     1671035
     1671099
     1671163
     1671227
     1671291
     1671355
     1671419
     1671483
     1671547
     1671611
     1671675
     1671739
     1671803
     1671867
     1671931
     1671995
     1672059
     1672123
     1672187
     1672251
     1672315
     1672379
     1672443
     1672507
     1672571
     1672635
     1672699
     1672763
     1672827
     1672891
     1672955
     1673019
     1673083
     1673147
     1673211
     1673275
     1673339
     1673403
     1673467
     1673531
     1673595
     1673659
     1673723
     1673787
     1673851
     1673915
     1673979
     1674043
     1674107
     1674171
     1674235
     1674299
     1674363
     1674427
     1674491
     1674555
     1674619
     1674683
     1674747
     1674811
     1674875
     1674939
     1675003
     1675067
     1675131
     1675195
     1675259
     1675323
     1675387
     1675451
     1675515
     1675579
     1675643
     1675707
     1675771
     1675835
     1675899
     1675963
     1676027
     1676091
     1676155
     1676219
     1676283
     1676347
     1676411
     1676475
     1676539
     1676603
     1676667
     1676731
     1676795
     1676859
     1676923
     1676987
     1677051
     1677115
     1677179
     1677243
     1677307
     1677371
     1677435
     1677499
     1677563
     1677627
     1677691
     1677755
     1677819
     1677883
     1677947
     1678011
     1678075
     1678139
     1678203
     1678267
     1678331
     1678395
     1678459
     1678523
     1678587
     1678651
     1678715
     1678779
     1678843
     1678907
     1678971
     1679035
     1679099
     1679163
     1679227
     1679291
     1679355
     1679419
     1679483
     1679547
     1679611
     1679675
     1679739
     1679803
     1679867
     1679931
     1679995
     1680059
     1680123
     1680187
     1680251
     1680315
     1680379
     1680443
     1680507
     1680571
     1680635
     1680699
     1680763
     1680827
     1680891
     1680955
     1681019
     1681083
     1681147
     1681211
     1681275
     1681339
     1681403
     1681467
     1681531
     1681595
     1681659
     1681723
     1681787
     1681851
     1681915
     1681979
     1682043
     1682107
     1682171
     1682235
     1682299
     1682363
     1682427
     1682491
     1682555
     1682619
     1682683
     1682747
     1682811
     1682875
     1682939
     1683003
     1683067
     1683131
     1683195
     1683259
     1683323
     1683387
     1683451
     1683515
     1683579
     1683643
     1683707
     1683771
     1683835
     1683899
     1683963
     1684027
     1684091
     1684155
     1684219
     1684283
     1684347
     1684411
     1684475
     1684539
     1684603
     1684667
     1684731
     1684795
     1684859
     1684923
     1684987
     1685051
     1685115
     1685179
     1685243
     1685307
     1685371
     1685435
     1685499
     1685563
     1685627
     1685691
     1685755
     1685819
     1685883
     1685947
     1686011
     1686075
     1686139
     1686203
     1686267
     1686331
     1686395
     1686459
     1686523
     1686587
     1686651
     1686715
     1686779
     1686843
     1686907
     1686971
     1687035
     1687099
     1687163
     1687227
     1687291
     1687355
     1687419
     1687483
     1687547
     1687611
     1687675
     1687739
     1687803
     1687867
     1687931
     1687995
     1688059
     1688123
     1688187
     1688251
     1688315
     1688379
     1688443
     1688507
     1688571
     1688635
     1688699
     1688763
     1688827
     1688891
     1688955
     1689019
     1689083
     1689147
     1689211
     1689275
     1689339
     1689403
     1689467
     1689531
     1689595
     1689659
     1689723
     1689787
     1689851
     1689915
     1689979
     1690043
     1690107
     1690171
     1690235
     1690299
     1690363
     1690427
     1690491
     1690555
     1690619
     1690683
     1690747
     1690811
     1690875
     1690939
     1691003
     1691067
     1691131
     1691195
     1691259
     1940618
     1940682
     1940746
     1940810
     1940874
     1940938
     1941002
     1941066
     1941130
     1941194
     1941258
     1941322
     1941386
     1941450
     1941514
     1941578
     1941642
     1941706
     1941770
     1941834
     1941898
     1941962
     1942026
     1942090
     1942154
     1942218
     1942282
     1942346
     1942410
     1942474
     1942538
     1942602
     1942666
     1942730
     1942794
     1942858
     1942922
     1942986
     1943050
     1943114
     1943178
     1943242
     1943306
     1943370
     1943434
     1943498
     1943562
     1943626
     1943690
     1943754
     1943818
     1943882
     1943946
     1944010
     1944074
     1944138
     1944202
     1944266
     1944330
     1944394
     1944458
     1944522
     1944586
     1944650
     1944714
     1944778
     1944842
     1944906
     1944970
     1945034
     1945098
     1945162
     1945226
     1945290
     1945354
     1945418
     1945482
     1945546
     1945610
     1945674
     1945738
     1945802
     1945866
     1945930
     1945994
     1946058
     1946122
     1946186
     1946250
     1946314
     1946378
     1946442
     1946506
     1946570
     1946634
     1946698
     1946762
     1946826
     1946890
     1946954
     1947018
     1947082
     1947146
     1947210
     1947274
     1947338
     1947402
     1947466
     1947530
     1947594
     1947658
     1947722
     1947786
     1947850
     1947914
     1947978
     1948042
     1948106
     1948170
     1948234
     1948298
     1948362
     1948426
     1948490
     1948554
     1948618
     1948682
     1948746
     1948810
     1948874
     1948938
     1949002
     1949066
     1949130
     1949194
     1949258
     1949322
     1949386
     1949450
     1949514
     1949578
     1949642
     1949706
     1949770
     1949834
     1949898
     1949962
     1950026
     1950090
     1950154
     1950218
     1950282
     1950346
     1950410
     1950474
     1950538
     1950602
     1950666
     1950730
     1950794
     1950858
     1950922
     1950986
     1951050
     1951114
     1951178
     1951242
     1951306
     1951370
     1951434
     1951498
     1951562
     1951626
     1951690
     1951754
     1951818
     1951882
     1951946
     1952010
     1952074
     1952138
     1952202
     1952266
     1952330
     1952394
     1952458
     1952522
     1952586
     1952650
     1952714
     1952778
     1952842
     1952906
     1952970
     1953034
     1953098
     1953162
     1953226
     1953290
     1953354
     1953418
     1953482
     1953546
     1953610
     1953674
     1953738
     1953802
     1953866
     1953930
     1953994
     1954058
     1954122
     1954186
     1954250
     1954314
     1954378
     1954442
     1954506
     1954570
     1954634
     1954698
     1954762
     1954826
     1954890
     1954954
     1955018
     1955082
     1955146
     1955210
     1955274
     1955338
     1955402
     1955466
     1955530
     1955594
     1955658
     1955722
     1955786
     1955850
     1955914
     1955978
     1956042
     1956106
     1956170
     1956234
     1956298
     1956362
     1956426
     1956490
     1956554
     1956618
     1956682
     1956746
     1956810
     1956874
     1956938
     1957002
     1957066
     1957130
     1957194
     1957258
     1957322
     1957386
     1957450
     1957514
     1957578
     1957642
     1957706
     1957770
     1957834
     1957898
     1957962
     1958026
     1958090
     1958154
     1958218
     1958282
     1958346
     1958410
     1958474
     1958538
     1958602
     1958666
     1958730
     1958794
     1958858
     1958922
     1958986
     1959050
     1959114
     1959178
     1959242
     1959306
     1959370
     1959434
     1959498
     1959562
     1959626
     1959690
     1959754
     1959818
     1959882
     1959946
     1960010
     1960074
     1960138
     1960202
     1960266
     1960330
     1960394
     1960458
     1960522
     1960586
     1960650
     1960714
     1960778
     1960842
     1960906
     1960970
     1961034
     1961098
     1961162
     1961226
     1961290
     1961354
     1961418
     1961482
     1961546
     1961610
     1961674
     1961738
     1961802
     1961866
     1961930
     1961994
     1962058
     1962122
     1962186
     1962250
     1962314
     1962378
     1962442
     1962506
     1962570
     1962634
     1962698
     1962762
     1962826
     1962890
     1962954
     1963018
     1963082
     1963146
     1963210
     1963274
     1963338
     1963402
     1963466
     1963530
     1963594
     1963658
     1963722
     1963786
     1963850
     1963914
     1963978
     1964042
     1964106
     1964170
     1964234
     1964298
     1964362
     1964426
     1964490
     1964554
     1964618
     1964682
     1964746
     1964810
     1964874
     1964938
     1965002
     1965066
     1965130
     1965194
     1965258
     1965322
     1965386
     1965450
     1965514
     1965578
     1965642
     1965706
     1965770
     1965834
     1965898
     1965962
     1966026
     1966090
     1966154
     1966218
     1966282
     1966346
     1966410
     1966474
     1966538
     1966602
     1966666
     1966730
     1966794
     1966858
     1966922
     1966986
     1967050
     1967114
     1967178
     1967242
     1967306
     1967370
     1967434
     1967498
     1967562
     1967626
     1967690
     1967754
     1967818
     1967882
     1967946
     1968010
     1968074
