     1691339
     1691403
     1691467
     1691531
     1691595
     1691659
     1691723
     1691787
     1691851
     1691915
     1691979
     1692043
     1692107
     1692171
     1692235
     1692299
     1692363
     1692427
     1692491
     1692555
     1692619
     1692683
     1692747
     1692811
     1692875
     1692939
     1693003
     1693067
     1693131
     1693195
     1693259
     1693323
     1693387
     1693451
     1693515
     1693579
     1693643
     1693707
     1693771
     1693835
     1693899
     1693963
     1694027
     1694091
     1694155
     1694219
     1694283
     1694347
     1694411
     1694475
     1694539
     1694603
     1694667
     1694731
     1694795
     1694859
     1694923
     1694987
     1695051
     1695115
     1695179
     1695243
     1695307
     1695371
     1695435
     1695499
     1695563
     1695627
     1695691
     1695755
     1695819
     1695883
     1695947
     1696011
     1696075
     1696139
     1696203
     1696267
     1696331
     1696395
     1696459
     1696523
     1696587
     1696651
     1696715
     1696779
     1696843
     1696907
     1696971
     1697035
     1697099
     1697163
     1697227
     1697291
     1697355
     1697419
     1697483
     1697547
     1697611
     1697675
     1697739
     1697803
     1697867
     1697931
     1697995
     1698059
     1698123
     1698187
     1698251
     1698315
     1698379
     1698443
     1698507
     1698571
     1698635
     1698699
     1698763
     1698827
     1698891
     1698955
     1699019
     1699083
     1699147
     1699211
     1699275
     1699339
     1699403
     1699467
     1699531
     1699595
     1699659
     1699723
     1699787
     1699851
     1699915
     1699979
     1700043
     1700107
     1700171
     1700235
     1700299
     1700363
     1700427
     1700491
     1700555
     1700619
     1700683
     1700747
     1700811
     1700875
     1700939
     1701003
     1701067
     1701131
     1701195
     1701259
     1701323
     1701387
     1701451
     1701515
     1701579
     1701643
     1701707
     1701771
     1701835
     1701899
     1701963
     1702027
     1702091
     1702155
     1702219
     1702283
     1702347
     1702411
     1702475
     1702539
     1702603
     1702667
     1702731
     1702795
     1702859
     1702923
     1702987
     1703051
     1703115
     1703179
     1703243
     1703307
     1703371
     1703435
     1703499
     1703563
     1703627
     1703691
     1703755
     1703819
     1703883
     1703947
     1704011
     1704075
     1704139
     1704203
     1704267
     1704331
     1704395
     1704459
     1704523
     1704587
     1704651
     1704715
     1704779
     1704843
     1704907
     1704971
     1705035
     1705099
     1705163
     1705227
     1705291
     1705355
     1705419
     1705483
     1705547
     1705611
     1705675
     1705739
     1705803
     1705867
     1705931
     1705995
     1706059
     1706123
     1706187
     1706251
     1706315
     1706379
     1706443
     1706507
     1706571
     1706635
     1706699
     1706763
     1706827
     1706891
     1706955
     1707019
     1968146
     1968210
     1968274
     1968338
     1968402
     1968466
     1968530
     1968594
     1968658
     1968722
     1968786
     1968850
     1968914
     1968978
     1969042
     1969106
     1969170
     1969234
     1969298
     1969362
     1969426
     1969490
     1969554
     1969618
     1969682
     1969746
     1969810
     1969874
     1969938
     1970002
     1970066
     1970130
     1970194
     1970258
     1970322
     1970386
     1970450
     1970514
     1970578
     1970642
     1970706
     1970770
     1970834
     1970898
     1970962
     1971026
     1971090
     1971154
     1971218
     1971282
     1971346
     1971410
     1971474
     1971538
     1971602
     1971666
     1971730
     1971794
     1971858
     1971922
     1971986
     1972050
     1972114
     1972178
     1972242
     1972306
     1972370
     1972434
     1972498
     1972562
     1972626
     1972690
     1972754
     1972818
     1972882
     1972946
     1973010
     1973074
     1973138
     1973202
     1973266
     1973330
     1973394
     1973458
     1973522
     1973586
     1973650
     1973714
     1973778
     1973842
     1973906
     1973970
     1974034
     1974098
     1974162
     1974226
     1974290
     1974354
     1974418
     1974482
     1974546
     1974610
     1974674
     1974738
     1974802
     1974866
     1974930
     1974994
     1975058
     1975122
     1975186
     1975250
     1975314
     1975378
     1975442
     1975506
     1975570
     1975634
     1975698
     1975762
     1975826
     1975890
     1975954
     1976018
     1976082
     1976146
     1976210
     1976274
     1976338
     1976402
     1976466
     1976530
     1976594
     1976658
     1976722
     1976786
     1976850
     1976914
     1976978
     1977042
     1977106
     1977170
     1977234
     1977298
     1977362
     1977426
     1977490
     1977554
     1977618
     1977682
     1977746
     1977810
     1977874
     1977938
     1978002
     1978066
     1978130
     1978194
     1978258
     1978322
     1978386
     1978450
     1978514
     1978578
     1978642
     1978706
     1978770
     1978834
     1978898
     1978962
     1979026
     1979090
     1979154
     1979218
     1979282
     1979346
     1979410
     1979474
     1979538
     1979602
     1979666
