     1707067
     1707131
     1707195
     1707259
     1707323
     1707387
     1707451
     1707515
     1707579
     1707643
     1707707
     1707771
     1707835
     1707899
     1707963
     1708027
     1708091
     1708155
     1708219
     1708283
     1708347
     1708411
     1708475
     1708539
     1708603
     1708667
     1708731
     1708795
     1708859
     1708923
     1708987
     1709051
     1709115
     1709179
     1709243
     1709307
     1709371
     1709435
     1709499
     1709563
     1709627
     1709691
     1709755
     1709819
     1709883
     1709947
     1710011
     1710075
     1710139
     1710203
     1710267
     1710331
     1710395
     1710459
     1710523
     1710587
     1710651
     1710715
     1710779
     1710843
     1710907
     1710971
     1711035
     1711099
     1711163
     1711227
     1711291
     1711355
     1711419
     1711483
     1711547
     1711611
     1711675
     1711739
     1711803
     1711867
     1711931
     1711995
     1712059
     1712123
     1712187
     1712251
     1712315
     1712379
     1712443
     1712507
     1712571
     1712635
     1712699
     1712763
     1712827
     1712891
     1712955
     1713019
     1713083
     1713147
     1713211
     1713275
     1713339
     1713403
     1713467
     1713531
     1713595
     1713659
     1713723
     1713787
     1713851
     1713915
     1713979
     1714043
     1714107
     1714171
     1714235
     1714299
     1714363
     1714427
     1714491
     1714555
     1714619
     1714683
     1714747
     1714811
     1714875
     1714939
     1715003
     1715067
     1715131
     1715195
     1715259
     1715323
     1715387
     1715451
     1715515
     1715579
     1715643
     1715707
     1715771
     1715835
     1715899
     1715963
     1716027
     1716091
     1716155
     1716219
     1716283
     1716347
     1716411
     1716475
     1716539
     1716603
     1716667
     1716731
     1716795
     1716859
     1716923
     1716987
     1717051
     1717115
     1717179
     1717243
     1717307
     1717371
     1717435
     1717499
     1717563
     1717627
     1717691
     1717755
     1717819
     1717883
     1717947
     1718011
     1979698
     1979762
     1979826
     1979890
     1979954
     1980018
     1980082
     1980146
     1980210
     1980274
     1980338
     1980402
     1980466
     1980530
     1980594
     1980658
     1980722
     1980786
     1980850
     1980914
     1980978
     1981042
     1981106
     1981170
     1981234
     1981298
     1981362
     1981426
     1981490
     1981554
     1981618
     1981682
     1981746
     1981810
     1981874
     1981938
     1982002
     1982066
     1982130
     1982194
     1982258
     1982322
     1982386
     1982450
     1982514
     1982578
     1982642
     1982706
     1982770
     1982834
     1982898
     1982962
     1983026
     1983090
     1983154
     1983218
     1983282
     1983346
     1983410
     1983474
     1983538
     1983602
     1983666
     1983730
     1983794
     1983858
     1983922
     1983986
     1984050
     1984114
     1984178
     1984242
     1984306
     1984370
     1984434
     1984498
     1984562
     1984626
     1984690
     1984754
     1984818
     1984882
     1984946
     1985010
     1985074
     1985138
     1985202
     1985266
     1985330
     1985394
     1985458
     1985522
     1985586
     1985650
     1985714
     1985778
     1985842
     1985906
     1985970
     1986034
     1986098
     1986162
     1986226
     1986290
     1986354
     1986418
     1986482
     1986546
     1986610
     1986674
     1986738
     1986802
     1986866
     1986930
     1986994
     1987058
     1987122
     1987186
     1987250
     1987314
     1987378
     1987442
     1987506
     1987570
     1987634
     1987698
     1987762
     1987826
     1987890
