     1742219
     1742283
     1742347
     1742411
     1742475
     1742539
     1742603
     1742667
     1742731
     1742795
     1742859
     1742923
     1742987
     1743051
     1743115
     1743179
     1743243
     1743307
     1743371
     1743435
     1743499
     1743563
     1743627
     1743691
     1743755
     1743819
     1743883
     1743947
     1744011
     1744075
     1744139
     1744203
     1744267
     1744331
     1744395
     1744459
     1744523
     1744587
     1744651
     1744715
     1744779
     1744843
     1744907
     1744971
     1745035
     1745099
     1745163
     1745227
     1745291
     1745355
     1745419
     1745483
     1745547
     1745611
     1745675
     1745739
     1745803
     1745867
     1745931
     1745995
     1746059
     1746123
     1746187
     1746251
     1746315
     1746379
     1746443
     1746507
     1746571
     1746635
     1746699
     1746763
     1746827
     1746891
     1746955
     1747019
     1747083
     1747147
     1747211
     1747275
     1747339
     1747403
     1747467
     1747531
     1747595
     1747659
     1747723
     1747787
     1747851
     1747915
     1747979
     1748043
     1748107
     1748171
     1748235
     1748299
     1748363
     1748427
     1748491
     1748555
     1748619
     1748683
     1748747
     1748811
     1748875
     1748939
     1749003
     1749067
     1749131
     1749195
     1749259
     1749323
     1749387
     1749451
     1749515
     1749579
     1749643
     1749707
     1749771
     1749835
     1749899
     1749963
     1750027
     1750091
     1750155
     1750219
     1750283
     1750347
     1750411
     1750475
     1750539
     1750603
     1750667
     1750731
     1750795
     1750859
     1750923
     1750987
     1751051
     1751115
     1751179
     1751243
     1751307
     1751371
     1751435
     1751499
     1751563
     1751627
     1751691
     1751755
     1751819
     1751883
     1751947
     1752011
     1752075
     1752139
     1752203
     1752267
     1752331
     1752395
     1752459
     1752523
     1752587
     1752651
     1752715
     1752779
     1752843
     1752907
     1752971
     1753035
     1753099
     1753163
     1753227
     1753291
     1753355
     1753419
     1753483
     1753547
     1753611
     1753675
     1753739
     1753803
     1753867
     1753931
     1753995
     1754059
     1754123
     1754187
     1754251
     1754315
     1754379
     1754443
     1754507
     1754571
     1754635
     1754699
     1754763
     1754827
     1754891
     1754955
     1755019
     1755083
     1755147
     1755211
     1755275
     1755339
     1755403
     1755467
     1755531
     1755595
     1755659
     1755723
     1755787
     1755851
     1755915
     1755979
     1756043
     1756107
     1756171
     1756235
     1756299
     1756363
     1756427
     1756491
     1756555
     1756619
     1756683
     1756747
     1756811
     1756875
     1756939
     1757003
     1757067
     1757131
     1757195
     1757259
     1757323
     1757387
     1757451
     1757515
     1757579
     1757643
     1757707
     1757771
     1757835
     1757899
     1757963
     1758027
     1758091
     1758155
     1758219
     1758283
     1758347
     1758411
     1758475
     1758539
     1758603
     1758667
     1758731
     1758795
     1758859
     1758923
     1758987
     1759051
     1759115
     1759179
     1759243
     1759307
     1759371
     1759435
     1759499
     1759563
     1759627
     1759691
     1759755
     1759819
     1759883
     1759947
     1760011
     1760075
     2004106
     2004170
     2004234
     2004298
     2004362
     2004426
     2004490
     2004554
     2004618
     2004682
     2004746
     2004810
     2004874
     2004938
     2005002
     2005066
     2005130
     2005194
     2005258
     2005322
     2005386
     2005450
     2005514
     2005578
     2005642
     2005706
     2005770
     2005834
     2005898
     2005962
     2006026
     2006090
     2006154
     2006218
     2006282
     2006346
     2006410
     2006474
     2006538
     2006602
     2006666
     2006730
     2006794
     2006858
     2006922
     2006986
     2007050
     2007114
     2007178
     2007242
     2007306
     2007370
     2007434
     2007498
     2007562
     2007626
     2007690
     2007754
     2007818
     2007882
     2007946
     2008010
     2008074
     2008138
     2008202
     2008266
     2008330
     2008394
     2008458
     2008522
     2008586
     2008650
     2008714
     2008778
     2008842
     2008906
     2008970
     2009034
     2009098
     2009162
     2009226
     2009290
     2009354
     2009418
     2009482
     2009546
     2009610
     2009674
     2009738
     2009802
     2009866
     2009930
     2009994
     2010058
     2010122
     2010186
     2010250
     2010314
     2010378
     2010442
     2010506
     2010570
     2010634
     2010698
     2010762
     2010826
     2010890
     2010954
     2011018
     2011082
     2011146
     2011210
     2011274
     2011338
     2011402
     2011466
     2011530
     2011594
     2011658
     2011722
     2011786
     2011850
     2011914
     2011978
     2012042
     2012106
     2012170
     2012234
     2012298
     2012362
     2012426
     2012490
     2012554
     2012618
     2012682
     2012746
     2012810
     2012874
     2012938
     2013002
     2013066
     2013130
     2013194
     2013258
     2013322
     2013386
     2013450
     2013514
     2013578
     2013642
     2013706
     2013770
     2013834
     2013898
     2013962
     2014026
     2014090
     2014154
     2014218
     2014282
     2014346
     2014410
     2014474
     2014538
     2014602
     2014666
     2014730
     2014794
     2014858
     2014922
     2014986
     2015050
     2015114
     2015178
     2015242
     2015306
     2015370
     2015434
     2015498
     2015562
     2015626
     2015690
     2015754
     2015818
     2015882
     2015946
     2016010
     2016074
     2016138
     2016202
     2016266
     2016330
     2016394
     2016458
     2016522
     2016586
     2016650
     2016714
     2016778
     2016842
     2016906
     2016970
     2017034
     2017098
     2017162
     2017226
     2017290
     2017354
     2017418
     2017482
     2017546
     2017610
     2017674
     2017738
     2017802
     2017866
     2017930
     2017994
     2018058
     2018122
     2018186
     2018250
     2018314
     2018378
     2018442
     2018506
     2018570
     2018634
     2018698
     2018762
     2018826
     2018890
     2018954
     2019018
     2019082
     2019146
     2019210
     2019274
     2019338
     2019402
