     1718087
     1718151
     1718215
     1718279
     1718343
     1718407
     1718471
     1718535
     1718599
     1718663
     1718727
     1718791
     1718855
     1718919
     1718983
     1719047
     1719111
     1719175
     1719239
     1719303
     1719367
     1719431
     1719495
     1719559
     1719623
     1719687
     1719751
     1719815
     1719879
     1719943
     1720007
     1720071
     1720135
     1720199
     1720263
     1720327
     1720391
     1720455
     1720519
     1720583
     1720647
     1720711
     1720775
     1720839
     1720903
     1720967
     1721031
     1721095
     1721159
     1721223
     1721287
     1721351
     1721415
     1721479
     1721543
     1721607
     1721671
     1721735
     1721799
     1721863
     1721927
     1721991
     1722055
     1722119
     1722183
     1722247
     1722311
     1722375
     1722439
     1722503
     1722567
     1722631
     1722695
     1722759
     1722823
     1722887
     1722951
     1723015
     1723079
     1723143
     1723207
     1723271
     1723335
     1723399
     1723463
     1723527
     1723591
     1723655
     1723719
     1723783
     1723847
     1723911
     1723975
     1724039
     1724103
     1724167
     1724231
     1724295
     1724359
     1724423
     1724487
     1724551
     1724615
     1724679
     1724743
     1724807
     1724871
     1724935
     1724999
     1725063
     1725127
     1725191
     1725255
     1725319
     1725383
     1725447
     1725511
     1725575
     1725639
     1725703
     1725767
     1725831
     1725895
     1725959
     1726023
     1726087
     1726151
     1726215
     1726279
     1726343
     1726407
     1726471
     1726535
     1726599
     1726663
     1726727
     1726791
     1726855
     1726919
     1726983
     1727047
     1727111
     1727175
     1727239
     1727303
     1727367
     1727431
     1727495
     1727559
     1727623
     1727687
     1727751
     1727815
     1727879
     1727943
     1728007
     1728071
     1728135
     1728199
     1728263
     1728327
     1728391
     1728455
     1728519
     1728583
     1728647
     1728711
     1728775
     1728839
     1728903
     1728967
     1729031
     1729095
     1729159
     1729223
     1729287
     1729351
     1729415
     1729479
     1729543
     1729607
     1729671
     1729735
     1729799
     1729863
     1729927
     1729991
     1730055
     1730119
     1730183
     1730247
     1730311
     1730375
     1730439
     1730503
     1730567
     1730631
     1730695
     1730759
     1730823
     1730887
     1730951
     1731015
     1731079
     1731143
     1731207
     1731271
     1731335
     1731399
     1731463
     1731527
     1731591
     1731655
     1731719
     1731783
     1731847
     1731911
     1731975
     1732039
     1732103
     1732167
     1732231
     1732295
     1732359
     1732423
     1732487
     1732551
     1732615
     1732679
     1732743
     1732807
     1732871
     1732935
     1732999
     1733063
     1733127
     1733191
     1733255
     1733319
     1733383
     1733447
     1733511
     1733575
     1733639
     1733703
     1733767
     1733831
     1733895
     1733959
     1734023
     1734087
     1734151
     1734215
     1734279
     1734343
     1734407
     1734471
     1734535
     1734599
     1734663
     1734727
     1734791
     1734855
     1734919
     1734983
     1735047
     1735111
     1735175
     1735239
     1735303
     1735367
     1735431
     1735495
     1735559
     1735623
     1735687
     1735751
     1735815
     1735879
     1735943
     1736007
     1736071
     1736135
     1736199
     1736263
     1736327
     1736391
     1736455
     1736519
     1736583
     1736647
     1736711
     1736775
     1736839
     1736903
     1736967
     1737031
     1737095
     1737159
     1737223
     1737287
     1737351
     1737415
     1737479
     1737543
     1737607
     1737671
     1737735
     1737799
     1737863
     1737927
     1737991
     1738055
     1738119
     1738183
     1738247
     1738311
     1738375
     1738439
     1738503
     1738567
     1738631
     1738695
     1738759
     1738823
     1738887
     1738951
     1739015
     1739079
     1739143
     1739207
     1739271
     1739335
     1739399
     1739463
     1739527
     1739591
     1739655
     1739719
     1739783
     1739847
     1739911
     1739975
     1740039
     1740103
     1740167
     1740231
     1740295
     1740359
     1740423
     1740487
     1740551
     1740615
     1740679
     1740743
     1740807
     1740871
     1740935
     1740999
     1741063
     1741127
     1741191
     1741255
     1741319
     1741383
     1741447
     1741511
     1741575
     1741639
     1741703
     1741767
     1741831
     1741895
     1741959
     1742023
     1742087
     1742151
     1987962
     1988026
     1988090
     1988154
     1988218
     1988282
     1988346
     1988410
     1988474
     1988538
     1988602
     1988666
     1988730
     1988794
     1988858
     1988922
     1988986
     1989050
     1989114
     1989178
     1989242
     1989306
     1989370
     1989434
     1989498
     1989562
     1989626
     1989690
     1989754
     1989818
     1989882
     1989946
     1990010
     1990074
     1990138
     1990202
     1990266
     1990330
     1990394
     1990458
     1990522
     1990586
     1990650
     1990714
     1990778
     1990842
     1990906
     1990970
     1991034
     1991098
     1991162
     1991226
     1991290
     1991354
     1991418
     1991482
     1991546
     1991610
     1991674
     1991738
     1991802
     1991866
     1991930
     1991994
     1992058
     1992122
     1992186
     1992250
     1992314
     1992378
     1992442
     1992506
     1992570
     1992634
     1992698
     1992762
     1992826
     1992890
     1992954
     1993018
     1993082
     1993146
     1993210
     1993274
     1993338
     1993402
     1993466
     1993530
     1993594
     1993658
     1993722
     1993786
     1993850
     1993914
     1993978
     1994042
     1994106
     1994170
     1994234
     1994298
     1994362
     1994426
     1994490
     1994554
     1994618
     1994682
     1994746
     1994810
     1994874
     1994938
     1995002
     1995066
     1995130
     1995194
     1995258
     1995322
     1995386
     1995450
     1995514
     1995578
     1995642
     1995706
     1995770
     1995834
     1995898
     1995962
     1996026
     1996090
     1996154
     1996218
     1996282
     1996346
     1996410
     1996474
     1996538
     1996602
     1996666
     1996730
     1996794
     1996858
     1996922
     1996986
     1997050
     1997114
     1997178
     1997242
     1997306
     1997370
     1997434
     1997498
     1997562
     1997626
     1997690
     1997754
     1997818
     1997882
     1997946
     1998010
     1998074
     1998138
     1998202
     1998266
     1998330
     1998394
     1998458
     1998522
     1998586
     1998650
     1998714
     1998778
     1998842
     1998906
     1998970
     1999034
     1999098
     1999162
     1999226
     1999290
     1999354
     1999418
     1999482
     1999546
     1999610
     1999674
     1999738
     1999802
     1999866
     1999930
     1999994
     2000058
     2000122
     2000186
     2000250
     2000314
     2000378
     2000442
     2000506
     2000570
     2000634
     2000698
     2000762
     2000826
     2000890
     2000954
     2001018
     2001082
     2001146
     2001210
     2001274
     2001338
     2001402
     2001466
     2001530
     2001594
     2001658
     2001722
     2001786
     2001850
     2001914
     2001978
     2002042
     2002106
     2002170
     2002234
     2002298
     2002362
     2002426
     2002490
     2002554
     2002618
     2002682
     2002746
     2002810
     2002874
     2002938
     2003002
     2003066
     2003130
     2003194
     2003258
     2003322
     2003386
     2003450
     2003514
     2003578
     2003642
     2003706
     2003770
     2003834
     2003898
     2003962
     2004026
