     1760163
     1760227
     1760291
     1760355
     1760419
     1760483
     1760547
     1760611
     1760675
     1760739
     1760803
     1760867
     1760931
     1760995
     1761059
     1761123
     1761187
     1761251
     1761315
     1761379
     1761443
     1761507
     1761571
     1761635
     1761699
     1761763
     1761827
     1761891
     1761955
     1762019
     1762083
     1762147
     1762211
     1762275
     1762339
     1762403
     1762467
     1762531
     1762595
     1762659
     1762723
     1762787
     1762851
     1762915
     1762979
     1763043
     1763107
     1763171
     1763235
     1763299
     1763363
     1763427
     1763491
     1763555
     1763619
     1763683
     1763747
     1763811
     1763875
     1763939
     1764003
     1764067
     1764131
     1764195
     1764259
     1764323
     1764387
     1764451
     1764515
     1764579
     1764643
     1764707
     1764771
     1764835
     1764899
     1764963
     1765027
     1765091
     1765155
     1765219
     1765283
     1765347
     1765411
     1765475
     1765539
     1765603
     1765667
     1765731
     1765795
     1765859
     1765923
     1765987
     1766051
     1766115
     1766179
     1766243
     1766307
     1766371
     1766435
     1766499
     1766563
     1766627
     1766691
     1766755
     1766819
     1766883
     1766947
     1767011
     1767075
     1767139
     1767203
     1767267
     1767331
     1767395
     1767459
     1767523
     1767587
     1767651
     1767715
     1767779
     1767843
     1767907
     1767971
     1768035
     1768099
     1768163
     1768227
     1768291
     1768355
     1768419
     1768483
     1768547
     1768611
     1768675
     1768739
     1768803
     1768867
     1768931
     1768995
     1769059
     1769123
     1769187
     1769251
     1769315
     1769379
     1769443
     1769507
     1769571
     1769635
     1769699
     1769763
     1769827
     1769891
     1769955
     1770019
     1770083
     1770147
     1770211
     1770275
     1770339
     1770403
     1770467
     1770531
     1770595
     1770659
     1770723
     1770787
     1770851
     1770915
     1770979
     1771043
     1771107
     1771171
     1771235
     1771299
     1771363
     1771427
     1771491
     1771555
     1771619
     1771683
     1771747
     1771811
     1771875
     1771939
     1772003
     1772067
     1772131
     1772195
     1772259
     1772323
     1772387
     1772451
     1772515
     1772579
     1772643
     1772707
     1772771
     1772835
     1772899
     1772963
     1773027
     1773091
     1773155
     1773219
     1773283
     1773347
     1773411
     1773475
     1773539
     1773603
     1773667
     1773731
     1773795
     1773859
     1773923
     1773987
     1774051
     1774115
     1774179
     1774243
     1774307
     1774371
     1774435
     1774499
     1774563
     1774627
     1774691
     1774755
     1774819
     1774883
     1774947
     1775011
     1775075
     1775139
     1775203
     1775267
     1775331
     1775395
     1775459
     1775523
     1775587
     1775651
     1775715
     1775779
     1775843
     1775907
     1775971
     1776035
     1776099
     1776163
     1776227
     1776291
     1776355
     1776419
     1776483
     1776547
     1776611
     1776675
     1776739
     1776803
     1776867
     1776931
     1776995
     1777059
     1777123
     1777187
     1777251
     1777315
     1777379
     1777443
     1777507
     1777571
     1777635
     1777699
     1777763
     1777827
     1777891
     1777955
     1778019
     1778083
     1778147
     1778211
     1778275
     1778339
     1778403
     1778467
     1778531
     1778595
     1778659
     1778723
     1778787
     1778851
     1778915
     1778979
     1779043
     1779107
     1779171
     1779235
     1779299
     1779363
     1779427
     1779491
     1779555
     1779619
     1779683
     1779747
     1779811
     1779875
     1779939
     1780003
     1780067
     1780131
     1780195
     1780259
     1780323
     1780387
     1780451
     1780515
     1780579
     1780643
     1780707
     1780771
     1780835
     1780899
     1780963
     1781027
     1781091
     1781155
     1781219
     1781283
     1781347
     1781411
     1781475
     1781539
     1781603
     1781667
     1781731
     1781795
     1781859
     1781923
     1781987
     1782051
     1782115
     1782179
     1782243
     1782307
     1782371
     1782435
     1782499
     1782563
     1782627
     1782691
     1782755
     1782819
     1782883
     1782947
     1783011
     1783075
     1783139
     1783203
     1783267
     1783331
     1783395
     1783459
     1783523
     1783587
     1783651
     1783715
     1783779
     1783843
     1783907
     1783971
     1784035
     1784099
     1784163
     1784227
     1784291
     1784355
     1784419
     1784483
     1784547
     1784611
     1784675
     1784739
     1784803
     1784867
     1784931
     1784995
     1785059
     1785123
     1785187
     1785251
     1785315
     1785379
     1785443
     1785507
     1785571
     1785635
     1785699
     1785763
     1785827
     1785891
     1785955
     1786019
     1786083
     1786147
     1786211
     1786275
     1786339
     1786403
     1786467
     1786531
     1786595
     1786659
     1786723
     1786787
     1786851
     1786915
     1786979
     1787043
     1787107
     1787171
     1787235
     1787299
     1787363
     1787427
     1787491
     1787555
     1787619
     1787683
     1787747
     1787811
     1787875
     1787939
     1788003
     1788067
     1788131
     1788195
     1788259
     1788323
     1788387
     1788451
     1788515
     1788579
     1788643
     1788707
     1788771
     1788835
     1788899
     1788963
     1789027
     1789091
     1789155
     1789219
     1789283
     1789347
     1789411
     1789475
     1789539
     1789603
     1789667
     1789731
     1789795
     1789859
     1789923
     1789987
     1790051
     1790115
     1790179
     1790243
     1790307
     1790371
     1790435
     1790499
     1790563
     1790627
     1790691
     1790755
     1790819
     1790883
     1790947
     1791011
     1791075
     1791139
     1791203
     1791267
     1791331
     1791395
     1791459
     1791523
     1791587
     1791651
     1791715
     1791779
     1791843
     1791907
     1791971
     1792035
     1792099
     1792163
     1792227
     1792291
     1792355
     1792419
     1792483
     1792547
     1792611
     1792675
     1792739
     1792803
     1792867
     1792931
     1792995
     1793059
     1793123
     1793187
     1793251
     1793315
     1793379
     1793443
     1793507
     1793571
     1793635
     1793699
     1793763
     1793827
     1793891
     1793955
     1794019
     1794083
     1794147
     1794211
     1794275
     1794339
     1794403
     1794467
     1794531
     1794595
     1794659
     1794723
     1794787
     1794851
     1794915
     2019486
     2019550
     2019614
     2019678
     2019742
     2019806
     2019870
     2019934
     2019998
     2020062
     2020126
     2020190
     2020254
     2020318
     2020382
     2020446
     2020510
     2020574
     2020638
     2020702
     2020766
     2020830
     2020894
     2020958
     2021022
     2021086
     2021150
     2021214
     2021278
     2021342
     2021406
     2021470
     2021534
     2021598
     2021662
     2021726
     2021790
     2021854
     2021918
     2021982
     2022046
     2022110
     2022174
     2022238
     2022302
     2022366
     2022430
     2022494
     2022558
     2022622
     2022686
     2022750
     2022814
     2022878
     2022942
     2023006
     2023070
     2023134
     2023198
     2023262
     2023326
     2023390
     2023454
     2023518
     2023582
     2023646
     2023710
     2023774
     2023838
     2023902
     2023966
     2024030
     2024094
     2024158
     2024222
     2024286
     2024350
     2024414
     2024478
     2024542
     2024606
     2024670
     2024734
     2024798
     2024862
     2024926
     2024990
     2025054
     2025118
     2025182
     2025246
     2025310
     2025374
     2025438
     2025502
     2025566
     2025630
     2025694
     2025758
     2025822
     2025886
     2025950
     2026014
     2026078
     2026142
     2026206
     2026270
     2026334
     2026398
     2026462
     2026526
     2026590
     2026654
     2026718
     2026782
     2026846
     2026910
     2026974
     2027038
     2027102
     2027166
     2027230
     2027294
     2027358
     2027422
     2027486
     2027550
     2027614
     2027678
     2027742
     2027806
     2027870
     2027934
     2027998
     2028062
     2028126
     2028190
     2028254
     2028318
     2028382
     2028446
     2028510
     2028574
     2028638
     2028702
     2028766
     2028830
     2028894
     2028958
     2029022
     2029086
     2029150
     2029214
     2029278
     2029342
     2029406
     2029470
     2029534
     2029598
     2029662
     2029726
     2029790
     2029854
     2029918
     2029982
     2030046
     2030110
     2030174
     2030238
     2030302
     2030366
     2030430
     2030494
     2030558
     2030622
     2030686
     2030750
     2030814
     2030878
     2030942
     2031006
     2031070
     2031134
     2031198
     2031262
     2031326
     2031390
     2031454
     2031518
     2031582
     2031646
     2031710
     2031774
     2031838
     2031902
     2031966
     2032030
     2032094
     2032158
     2032222
     2032286
     2032350
     2032414
     2032478
     2032542
     2032606
     2032670
     2032734
     2032798
     2032862
     2032926
     2032990
     2033054
     2033118
     2033182
     2033246
     2033310
     2033374
     2033438
     2033502
     2033566
     2033630
     2033694
     2033758
     2033822
     2033886
     2033950
     2034014
     2034078
     2034142
     2034206
     2034270
     2034334
     2034398
     2034462
     2034526
     2034590
     2034654
     2034718
     2034782
     2034846
     2034910
     2034974
     2035038
     2035102
     2035166
     2035230
     2035294
     2035358
     2035422
     2035486
     2035550
     2035614
     2035678
     2035742
     2035806
     2035870
     2035934
     2035998
     2036062
     2036126
     2036190
     2036254
     2036318
     2036382
     2036446
     2036510
     2036574
     2036638
     2036702
     2036766
     2036830
     2036894
     2036958
     2037022
     2037086
     2037150
     2037214
     2037278
     2037342
     2037406
     2037470
     2037534
     2037598
     2037662
     2037726
     2037790
     2037854
     2037918
     2037982
     2038046
     2038110
     2038174
     2038238
     2038302
     2038366
     2038430
     2038494
     2038558
     2038622
     2038686
     2038750
     2038814
     2038878
     2038942
     2039006
     2039070
     2039134
     2039198
     2039262
     2039326
     2039390
     2039454
     2039518
     2039582
     2039646
     2039710
     2039774
     2039838
     2039902
     2039966
     2040030
     2040094
     2040158
