     1795007
     1795071
     1795135
     1795199
     1795263
     1795327
     1795391
     1795455
     1795519
     1795583
     1795647
     1795711
     1795775
     1795839
     1795903
     1795967
     1796031
     1796095
     1796159
     1796223
     1796287
     1796351
     1796415
     1796479
     1796543
     1796607
     1796671
     1796735
     1796799
     1796863
     1796927
     1796991
     1797055
     1797119
     1797183
     1797247
     1797311
     1797375
     1797439
     1797503
     1797567
     1797631
     1797695
     1797759
     1797823
     1797887
     1797951
     1798015
     1798079
     1798143
     1798207
     1798271
     1798335
     1798399
     1798463
     1798527
     1798591
     1798655
     1798719
     1798783
     1798847
     1798911
     1798975
     1799039
     1799103
     1799167
     1799231
     1799295
     1799359
     1799423
     1799487
     1799551
     1799615
     1799679
     1799743
     1799807
     1799871
     1799935
     1799999
     1800063
     1800127
     1800191
     1800255
     1800319
     1800383
     1800447
     1800511
     1800575
     1800639
     1800703
     1800767
     1800831
     1800895
     1800959
     1801023
     1801087
     1801151
     1801215
     1801279
     1801343
     1801407
     1801471
     1801535
     1801599
     1801663
     1801727
     1801791
     1801855
     1801919
     1801983
     1802047
     1802111
     1802175
     1802239
     1802303
     1802367
     1802431
     1802495
     1802559
     1802623
     1802687
     1802751
     1802815
     1802879
     1802943
     1803007
     1803071
     1803135
     1803199
     1803263
     1803327
     1803391
     1803455
     1803519
     1803583
     1803647
     1803711
     1803775
     1803839
     1803903
     1803967
     1804031
     1804095
     1804159
     1804223
     1804287
     1804351
     1804415
     1804479
     1804543
     1804607
     1804671
     1804735
     1804799
     1804863
     1804927
     1804991
     1805055
     1805119
     1805183
     1805247
     1805311
     1805375
     1805439
     1805503
     1805567
     1805631
     1805695
     1805759
     1805823
     1805887
     1805951
     1806015
     1806079
     1806143
     1806207
     1806271
     1806335
     1806399
     1806463
     1806527
     1806591
     1806655
     1806719
     1806783
     1806847
     1806911
     1806975
     1807039
     1807103
     1807167
     1807231
     1807295
     1807359
     1807423
     1807487
     1807551
     1807615
     1807679
     1807743
     1807807
     1807871
     1807935
     1807999
     1808063
     1808127
     1808191
     1808255
     1808319
     1808383
     1808447
     1808511
     1808575
     1808639
     1808703
     1808767
     1808831
     1808895
     1808959
     1809023
     1809087
     1809151
     1809215
     1809279
     1809343
     1809407
     1809471
     1809535
     1809599
     1809663
     1809727
     1809791
     1809855
     1809919
     1809983
     1810047
     1810111
     2040194
     2040258
     2040322
     2040386
     2040450
     2040514
     2040578
     2040642
     2040706
     2040770
     2040834
     2040898
     2040962
     2041026
     2041090
     2041154
     2041218
     2041282
     2041346
     2041410
     2041474
     2041538
     2041602
     2041666
     2041730
     2041794
     2041858
     2041922
     2041986
     2042050
     2042114
     2042178
     2042242
     2042306
     2042370
     2042434
     2042498
     2042562
     2042626
     2042690
     2042754
     2042818
     2042882
     2042946
     2043010
     2043074
     2043138
     2043202
     2043266
     2043330
     2043394
     2043458
     2043522
     2043586
     2043650
     2043714
     2043778
     2043842
     2043906
     2043970
     2044034
     2044098
     2044162
     2044226
     2044290
     2044354
     2044418
     2044482
     2044546
     2044610
     2044674
     2044738
     2044802
     2044866
     2044930
     2044994
     2045058
     2045122
     2045186
     2045250
     2045314
     2045378
     2045442
     2045506
     2045570
     2045634
     2045698
     2045762
     2045826
     2045890
     2045954
     2046018
     2046082
     2046146
     2046210
     2046274
     2046338
     2046402
     2046466
     2046530
     2046594
     2046658
     2046722
     2046786
     2046850
     2046914
     2046978
     2047042
     2047106
     2047170
     2047234
     2047298
     2047362
     2047426
     2047490
     2047554
     2047618
     2047682
     2047746
     2047810
     2047874
     2047938
     2048002
     2048066
     2048130
     2048194
     2048258
     2048322
     2048386
     2048450
     2048514
     2048578
     2048642
     2048706
     2048770
     2048834
     2048898
     2048962
     2049026
     2049090
     2049154
     2049218
     2049282
     2049346
     2049410
     2049474
     2049538
     2049602
     2049666
     2049730
     2049794
     2049858
     2049922
     2049986
     2050050
     2050114
     2050178
     2050242
     2050306
     2050370
     2050434
     2050498
     2050562
     2050626
     2050690
     2050754
     2050818
     2050882
     2050946
     2051010
     2051074
     2051138
     2051202
     2051266
     2051330
     2051394
     2051458
     2051522
     2051586
     2051650
     2051714
     2051778
     2051842
     2051906
     2051970
     2052034
     2052098
     2052162
     2052226
     2052290
     2052354
     2052418
     2052482
     2052546
     2052610
     2052674
     2052738
     2052802
     2052866
     2052930
     2052994
     2053058
     2053122
     2053186
     2053250
     2053314
     2053378
     2053442
     2053506
     2053570
     2053634
     2053698
     2053762
     2053826
     2053890
     2053954
     2054018
     2054082
     2054146
     2054210
     2054274
