     1810187
     1810251
     1810315
     1810379
     1810443
     1810507
     1810571
     1810635
     1810699
     1810763
     1810827
     1810891
     1810955
     1811019
     1811083
     1811147
     1811211
     1811275
     1811339
     1811403
     1811467
     1811531
     1811595
     1811659
     1811723
     1811787
     1811851
     1811915
     1811979
     1812043
     1812107
     1812171
     1812235
     1812299
     1812363
     1812427
     1812491
     1812555
     1812619
     1812683
     1812747
     1812811
     1812875
     1812939
     1813003
     1813067
     1813131
     1813195
     1813259
     1813323
     1813387
     1813451
     1813515
     1813579
     1813643
     1813707
     1813771
     1813835
     1813899
     1813963
     1814027
     1814091
     1814155
     1814219
     1814283
     1814347
     1814411
     1814475
     1814539
     1814603
     1814667
     1814731
     1814795
     1814859
     1814923
     1814987
     1815051
     1815115
     1815179
     1815243
     1815307
     1815371
     1815435
     1815499
     1815563
     1815627
     1815691
     1815755
     1815819
     1815883
     1815947
     1816011
     1816075
     1816139
     1816203
     1816267
     1816331
     1816395
     1816459
     1816523
     1816587
     1816651
     1816715
     1816779
     1816843
     1816907
     1816971
     1817035
     1817099
     1817163
     1817227
     1817291
     1817355
     1817419
     1817483
     1817547
     1817611
     1817675
     1817739
     1817803
     1817867
     1817931
     1817995
     1818059
     1818123
     1818187
     1818251
     1818315
     1818379
     1818443
     1818507
     1818571
     1818635
     1818699
     1818763
     1818827
     1818891
     1818955
     1819019
     1819083
     1819147
     1819211
     1819275
     1819339
     1819403
     1819467
     1819531
     1819595
     1819659
     1819723
     1819787
     1819851
     1819915
     1819979
     1820043
     1820107
     1820171
     1820235
     1820299
     1820363
     1820427
     1820491
     1820555
     1820619
     1820683
     1820747
     1820811
     1820875
     1820939
     1821003
     1821067
     1821131
     1821195
     1821259
     1821323
     1821387
     1821451
     1821515
     1821579
     1821643
     1821707
     1821771
     1821835
     1821899
     1821963
     1822027
     1822091
     1822155
     1822219
     1822283
     1822347
     1822411
     1822475
     1822539
     1822603
     1822667
     1822731
     1822795
     1822859
     1822923
     1822987
     1823051
     1823115
     1823179
     1823243
     1823307
     1823371
     1823435
     1823499
     1823563
     1823627
     1823691
     1823755
     1823819
     1823883
     1823947
     1824011
     1824075
     1824139
     1824203
     1824267
     1824331
     1824395
     1824459
     1824523
     1824587
     1824651
     1824715
     1824779
     1824843
     1824907
     1824971
     1825035
     1825099
     1825163
     1825227
     1825291
     1825355
     1825419
     1825483
     1825547
     1825611
     1825675
     1825739
     1825803
     1825867
     1825931
     1825995
     1826059
     1826123
     1826187
     1826251
     1826315
     1826379
     1826443
     1826507
     1826571
     1826635
     1826699
     1826763
     1826827
     1826891
     1826955
     1827019
     1827083
     1827147
     1827211
     1827275
     1827339
     1827403
     1827467
     1827531
     1827595
     1827659
     1827723
     1827787
     1827851
     1827915
     1827979
     1828043
     1828107
     1828171
     1828235
     1828299
     1828363
     1828427
     1828491
     1828555
     1828619
     1828683
     1828747
     1828811
     1828875
     1828939
     1829003
     1829067
     1829131
     1829195
     1829259
     1829323
     1829387
     1829451
     1829515
     1829579
     1829643
     1829707
     1829771
     1829835
     2054334
     2054398
     2054462
     2054526
     2054590
     2054654
     2054718
     2054782
     2054846
     2054910
     2054974
     2055038
     2055102
     2055166
     2055230
     2055294
     2055358
     2055422
     2055486
     2055550
     2055614
     2055678
     2055742
     2055806
     2055870
     2055934
     2055998
     2056062
     2056126
     2056190
     2056254
     2056318
     2056382
     2056446
     2056510
     2056574
     2056638
     2056702
     2056766
     2056830
     2056894
     2056958
     2057022
     2057086
     2057150
     2057214
     2057278
     2057342
     2057406
     2057470
     2057534
     2057598
     2057662
     2057726
     2057790
     2057854
     2057918
     2057982
     2058046
     2058110
     2058174
     2058238
     2058302
     2058366
     2058430
     2058494
     2058558
     2058622
     2058686
     2058750
     2058814
     2058878
     2058942
     2059006
     2059070
     2059134
     2059198
     2059262
     2059326
     2059390
     2059454
     2059518
     2059582
     2059646
     2059710
     2059774
     2059838
     2059902
     2059966
     2060030
     2060094
     2060158
     2060222
     2060286
     2060350
     2060414
     2060478
     2060542
     2060606
     2060670
     2060734
     2060798
     2060862
     2060926
     2060990
     2061054
     2061118
     2061182
     2061246
     2061310
     2061374
     2061438
     2061502
     2061566
     2061630
     2061694
     2061758
     2061822
     2061886
     2061950
     2062014
     2062078
     2062142
     2062206
     2062270
     2062334
     2062398
     2062462
     2062526
     2062590
     2062654
     2062718
     2062782
     2062846
     2062910
     2062974
     2063038
     2063102
     2063166
     2063230
     2063294
     2063358
     2063422
     2063486
     2063550
     2063614
     2063678
     2063742
     2063806
     2063870
     2063934
     2063998
     2064062
     2064126
     2064190
     2064254
     2064318
     2064382
     2064446
     2064510
     2064574
     2064638
     2064702
     2064766
     2064830
     2064894
     2064958
     2065022
     2065086
     2065150
     2065214
     2065278
     2065342
     2065406
     2065470
     2065534
     2065598
     2065662
     2065726
     2065790
     2065854
     2065918
     2065982
     2066046
     2066110
     2066174
     2066238
     2066302
     2066366
     2066430
     2066494
     2066558
     2066622
     2066686
     2066750
     2066814
     2066878
     2066942
     2067006
     2067070
     2067134
     2067198
     2067262
     2067326
     2067390
     2067454
     2067518
     2067582
     2067646
     2067710
     2067774
     2067838
     2067902
     2067966
     2068030
     2068094
     2068158
     2068222
     2068286
     2068350
     2068414
     2068478
     2068542
     2068606
     2068670
     2068734
     2068798
     2068862
     2068926
     2068990
     2069054
     2069118
     2069182
     2069246
     2069310
     2069374
     2069438
     2069502
     2069566
     2069630
     2069694
     2069758
     2069822
     2069886
     2069950
     2070014
     2070078
     2070142
     2070206
     2070270
     2070334
     2070398
     2070462
     2070526
     2070590
     2070654
     2070718
     2070782
     2070846
     2070910
     2070974
     2071038
     2071102
     2071166
     2071230
     2071294
     2071358
     2071422
     2071486
     2071550
     2071614
     2071678
     2071742
     2071806
     2071870
     2071934
     2071998
     2072062
     2072126
     2072190
     2072254
     2072318
     2072382
     2072446
