     1829883
     1829947
     1830011
     1830075
     1830139
     1830203
     1830267
     1830331
     1830395
     1830459
     1830523
     1830587
     1830651
     1830715
     1830779
     1830843
     1830907
     1830971
     1831035
     1831099
     1831163
     1831227
     1831291
     1831355
     1831419
     1831483
     1831547
     1831611
     1831675
     1831739
     1831803
     1831867
     1831931
     1831995
     1832059
     1832123
     1832187
     1832251
     1832315
     1832379
     1832443
     1832507
     1832571
     1832635
     1832699
     1832763
     1832827
     1832891
     1832955
     1833019
     1833083
     1833147
     1833211
     1833275
     1833339
     1833403
     1833467
     1833531
     1833595
     1833659
     1833723
     1833787
     1833851
     1833915
     1833979
     1834043
     1834107
     1834171
     1834235
     1834299
     1834363
     1834427
     1834491
     1834555
     1834619
     1834683
     1834747
     1834811
     1834875
     1834939
     1835003
     1835067
     1835131
     1835195
     1835259
     1835323
     1835387
     1835451
     1835515
     1835579
     1835643
     1835707
     1835771
     1835835
     1835899
     1835963
     1836027
     1836091
     1836155
     1836219
     1836283
     1836347
     1836411
     1836475
     1836539
     1836603
     1836667
     1836731
     1836795
     1836859
     1836923
     1836987
     1837051
     1837115
     1837179
     1837243
     1837307
     1837371
     1837435
     1837499
     1837563
     1837627
     1837691
     1837755
     1837819
     1837883
     1837947
     1838011
     1838075
     1838139
     1838203
     1838267
     1838331
     1838395
     1838459
     1838523
     1838587
     1838651
     1838715
     1838779
     1838843
     1838907
     1838971
     1839035
     1839099
     1839163
     1839227
     1839291
     1839355
     1839419
     1839483
     1839547
     1839611
     1839675
     1839739
     1839803
     1839867
     1839931
     1839995
     1840059
     1840123
     1840187
     1840251
     1840315
     1840379
     1840443
     1840507
     1840571
     1840635
     1840699
     1840763
     1840827
     1840891
     1840955
     1841019
     1841083
     1841147
     1841211
     1841275
     1841339
     1841403
     1841467
     1841531
     1841595
     1841659
     1841723
     1841787
     1841851
     1841915
     1841979
     1842043
     1842107
     1842171
     1842235
     1842299
     1842363
     1842427
     1842491
     1842555
     1842619
     1842683
     1842747
     1842811
     1842875
     1842939
     1843003
     1843067
     1843131
     1843195
     1843259
     1843323
     1843387
     1843451
     1843515
     1843579
     1843643
     1843707
     1843771
     1843835
     1843899
     1843963
     1844027
     1844091
     1844155
     1844219
     1844283
     1844347
     1844411
     1844475
     1844539
     1844603
     1844667
     1844731
     1844795
     1844859
     1844923
     1844987
     1845051
     1845115
     1845179
     1845243
     1845307
     1845371
     1845435
     1845499
     1845563
     1845627
     1845691
     1845755
     1845819
     1845883
     1845947
     1846011
     1846075
     2072502
     2072566
     2072630
     2072694
     2072758
     2072822
     2072886
     2072950
     2073014
     2073078
     2073142
     2073206
     2073270
     2073334
     2073398
     2073462
     2073526
     2073590
     2073654
     2073718
     2073782
     2073846
     2073910
     2073974
     2074038
     2074102
     2074166
     2074230
     2074294
     2074358
     2074422
     2074486
     2074550
     2074614
     2074678
     2074742
     2074806
     2074870
     2074934
     2074998
     2075062
     2075126
     2075190
     2075254
     2075318
     2075382
     2075446
     2075510
     2075574
     2075638
     2075702
     2075766
     2075830
     2075894
     2075958
     2076022
     2076086
     2076150
     2076214
     2076278
     2076342
     2076406
     2076470
     2076534
     2076598
     2076662
     2076726
     2076790
     2076854
     2076918
     2076982
     2077046
     2077110
     2077174
     2077238
     2077302
     2077366
     2077430
     2077494
     2077558
     2077622
     2077686
     2077750
     2077814
     2077878
     2077942
     2078006
     2078070
     2078134
     2078198
     2078262
     2078326
     2078390
     2078454
     2078518
     2078582
     2078646
     2078710
     2078774
     2078838
     2078902
     2078966
     2079030
     2079094
     2079158
     2079222
     2079286
     2079350
     2079414
     2079478
     2079542
     2079606
     2079670
     2079734
     2079798
     2079862
     2079926
     2079990
     2080054
     2080118
     2080182
     2080246
     2080310
     2080374
     2080438
     2080502
     2080566
     2080630
     2080694
     2080758
     2080822
     2080886
     2080950
     2081014
     2081078
     2081142
     2081206
     2081270
     2081334
     2081398
     2081462
     2081526
     2081590
     2081654
     2081718
     2081782
     2081846
     2081910
     2081974
     2082038
     2082102
     2082166
     2082230
     2082294
     2082358
     2082422
     2082486
     2082550
     2082614
     2082678
     2082742
     2082806
     2082870
     2082934
     2082998
     2083062
     2083126
     2083190
     2083254
     2083318
     2083382
     2083446
     2083510
     2083574
     2083638
     2083702
     2083766
     2083830
     2083894
     2083958
     2084022
     2084086
     2084150
     2084214
     2084278
     2084342
     2084406
     2084470
     2084534
     2084598
     2084662
     2084726
     2084790
     2084854
     2084918
     2084982
     2085046
     2085110
     2085174
     2085238
     2085302
     2085366
     2085430
     2085494
