     1846115
     1846179
     1846243
     1846307
     1846371
     1846435
     1846499
     1846563
     1846627
     1846691
     1846755
     1846819
     1846883
     1846947
     1847011
     1847075
     1847139
     1847203
     1847267
     1847331
     1847395
     1847459
     1847523
     1847587
     1847651
     1847715
     1847779
     1847843
     1847907
     1847971
     1848035
     1848099
     1848163
     1848227
     1848291
     1848355
     1848419
     1848483
     1848547
     1848611
     1848675
     1848739
     1848803
     1848867
     1848931
     1848995
     1849059
     1849123
     1849187
     1849251
     1849315
     1849379
     1849443
     1849507
     1849571
     1849635
     1849699
     1849763
     1849827
     1849891
     1849955
     1850019
     1850083
     1850147
     1850211
     1850275
     1850339
     1850403
     1850467
     1850531
     1850595
     1850659
     1850723
     1850787
     1850851
     1850915
     1850979
     1851043
     1851107
     1851171
     1851235
     1851299
     1851363
     1851427
     1851491
     1851555
     1851619
     1851683
     1851747
     1851811
     1851875
     1851939
     1852003
     1852067
     1852131
     1852195
     1852259
     1852323
     1852387
     1852451
     1852515
     1852579
     1852643
     1852707
     1852771
     1852835
     1852899
     1852963
     1853027
     1853091
     1853155
     1853219
     1853283
     1853347
     1853411
     1853475
     1853539
     1853603
     1853667
     1853731
     1853795
     1853859
     1853923
     1853987
     1854051
     1854115
     1854179
     1854243
     1854307
     1854371
     1854435
     1854499
     1854563
     1854627
     1854691
     1854755
     1854819
     1854883
     1854947
     1855011
     1855075
     1855139
     1855203
     1855267
     1855331
     1855395
     1855459
     1855523
     1855587
     1855651
     1855715
     1855779
     1855843
     1855907
     1855971
     1856035
     1856099
     1856163
     1856227
     1856291
     1856355
     1856419
     1856483
     1856547
     1856611
     1856675
     1856739
     1856803
     1856867
     1856931
     1856995
     1857059
     1857123
     1857187
     1857251
     1857315
     1857379
     1857443
     1857507
     1857571
     1857635
     1857699
     1857763
     1857827
     1857891
     1857955
     1858019
     1858083
     1858147
     1858211
     1858275
     1858339
     1858403
     1858467
     1858531
     1858595
     1858659
     1858723
     1858787
     1858851
     1858915
     1858979
     1859043
     1859107
     1859171
     1859235
     1859299
     1859363
     1859427
     1859491
     1859555
     1859619
     1859683
     1859747
     1859811
     1859875
     1859939
     1860003
     1860067
     1860131
     1860195
     1860259
     1860323
     1860387
     1860451
     1860515
     1860579
     1860643
     1860707
     1860771
     1860835
     1860899
     1860963
     1861027
     1861091
     1861155
     1861219
     1861283
     1861347
     1861411
     1861475
     1861539
     1861603
     1861667
     1861731
     1861795
     1861859
     1861923
     1861987
     1862051
     1862115
     1862179
     1862243
     1862307
     1862371
     1862435
     1862499
     1862563
     1862627
     1862691
     1862755
     1862819
     1862883
     1862947
     1863011
     1863075
     1863139
     1863203
     1863267
     1863331
     1863395
     1863459
     1863523
     1863587
     1863651
     1863715
     1863779
     1863843
     2085534
     2085598
     2085662
     2085726
     2085790
     2085854
     2085918
     2085982
     2086046
     2086110
     2086174
     2086238
     2086302
     2086366
     2086430
     2086494
     2086558
     2086622
     2086686
     2086750
     2086814
     2086878
     2086942
     2087006
     2087070
     2087134
     2087198
     2087262
     2087326
     2087390
     2087454
     2087518
     2087582
     2087646
     2087710
     2087774
     2087838
     2087902
     2087966
     2088030
     2088094
     2088158
     2088222
     2088286
     2088350
     2088414
     2088478
     2088542
     2088606
     2088670
     2088734
     2088798
     2088862
     2088926
     2088990
     2089054
     2089118
     2089182
     2089246
     2089310
     2089374
     2089438
     2089502
     2089566
     2089630
     2089694
     2089758
     2089822
     2089886
     2089950
     2090014
     2090078
     2090142
     2090206
     2090270
     2090334
     2090398
     2090462
     2090526
     2090590
     2090654
     2090718
     2090782
     2090846
     2090910
     2090974
     2091038
     2091102
     2091166
     2091230
     2091294
     2091358
     2091422
     2091486
     2091550
     2091614
     2091678
     2091742
     2091806
     2091870
     2091934
     2091998
     2092062
     2092126
     2092190
     2092254
     2092318
     2092382
     2092446
     2092510
     2092574
     2092638
     2092702
     2092766
     2092830
     2092894
     2092958
     2093022
     2093086
     2093150
     2093214
     2093278
     2093342
     2093406
     2093470
     2093534
     2093598
     2093662
     2093726
     2093790
     2093854
     2093918
     2093982
     2094046
     2094110
     2094174
     2094238
     2094302
     2094366
     2094430
     2094494
     2094558
     2094622
     2094686
     2094750
     2094814
     2094878
     2094942
     2095006
     2095070
     2095134
     2095198
     2095262
     2095326
     2095390
     2095454
     2095518
     2095582
     2095646
     2095710
     2095774
     2095838
     2095902
     2095966
