     1863931
     1863995
     1864059
     1864123
     1864187
     1864251
     1864315
     1864379
     1864443
     1864507
     1864571
     1864635
     1864699
     1864763
     1864827
     1864891
     1864955
     1865019
     1865083
     1865147
     1865211
     1865275
     1865339
     1865403
     1865467
     1865531
     1865595
     1865659
     1865723
     1865787
     1865851
     1865915
     1865979
     1866043
     1866107
     1866171
     1866235
     1866299
     1866363
     1866427
     1866491
     1866555
     1866619
     1866683
     1866747
     1866811
     1866875
     1866939
     1867003
     1867067
     1867131
     1867195
     1867259
     1867323
     1867387
     1867451
     1867515
     1867579
     1867643
     1867707
     1867771
     1867835
     1867899
     1867963
     1868027
     1868091
     1868155
     1868219
     1868283
     1868347
     1868411
     1868475
     1868539
     1868603
     1868667
     1868731
     1868795
     1868859
     1868923
     1868987
     1869051
     1869115
     1869179
     1869243
     1869307
     1869371
     1869435
     1869499
     1869563
     1869627
     1869691
     1869755
     1869819
     1869883
     1869947
     1870011
     1870075
     1870139
     1870203
     1870267
     1870331
     1870395
     1870459
     1870523
     1870587
     1870651
     1870715
     1870779
     1870843
     1870907
     1870971
     1871035
     1871099
     1871163
     1871227
     1871291
     1871355
     1871419
     1871483
     1871547
     1871611
     1871675
     1871739
     1871803
     1871867
     1871931
     1871995
     1872059
     1872123
     1872187
     1872251
     1872315
     1872379
     1872443
     1872507
     1872571
     1872635
     1872699
     1872763
     1872827
     1872891
     1872955
     1873019
     1873083
     1873147
     1873211
     1873275
     1873339
     1873403
     1873467
     1873531
     1873595
     1873659
     1873723
     1873787
     1873851
     1873915
     1873979
     1874043
     1874107
     1874171
     1874235
     1874299
     1874363
     1874427
     1874491
     1874555
     1874619
     1874683
     1874747
     1874811
     1874875
     1874939
     1875003
     1875067
     1875131
     1875195
     1875259
     1875323
     1875387
     1875451
     1875515
     1875579
     1875643
     1875707
     1875771
     1875835
     1875899
     1875963
     1876027
     1876091
     1876155
     1876219
     1876283
     1876347
     1876411
     1876475
     1876539
     1876603
     1876667
     1876731
     1876795
     1876859
     1876923
     1876987
     1877051
     1877115
     1877179
     1877243
     1877307
     1877371
     1877435
     2096022
     2096086
     2096150
     2096214
     2096278
     2096342
     2096406
     2096470
     2096534
     2096598
     2096662
     2096726
     2096790
     2096854
     2096918
     2096982
     2097046
     2097110
     2097174
     2097238
     2097302
     2097366
     2097430
     2097494
     2097558
     2097622
     2097686
     2097750
     2097814
     2097878
     2097942
     2098006
     2098070
     2098134
     2098198
     2098262
     2098326
     2098390
     2098454
     2098518
     2098582
     2098646
     2098710
     2098774
     2098838
     2098902
     2098966
     2099030
     2099094
     2099158
     2099222
     2099286
     2099350
     2099414
     2099478
     2099542
     2099606
     2099670
     2099734
     2099798
     2099862
     2099926
     2099990
     2100054
     2100118
     2100182
     2100246
     2100310
     2100374
     2100438
     2100502
     2100566
     2100630
     2100694
     2100758
     2100822
     2100886
     2100950
     2101014
     2101078
     2101142
     2101206
     2101270
     2101334
     2101398
     2101462
     2101526
     2101590
     2101654
     2101718
     2101782
     2101846
     2101910
     2101974
     2102038
     2102102
     2102166
     2102230
     2102294
     2102358
     2102422
     2102486
     2102550
     2102614
     2102678
     2102742
     2102806
     2102870
     2102934
     2102998
     2103062
     2103126
     2103190
     2103254
     2103318
     2103382
     2103446
     2103510
     2103574
     2103638
     2103702
     2103766
     2103830
     2103894
     2103958
     2104022
     2104086
     2104150
     2104214
     2104278
     2104342
     2104406
     2104470
     2104534
     2104598
     2104662
     2104726
     2104790
     2104854
     2104918
     2104982
     2105046
     2105110
     2105174
     2105238
     2105302
     2105366
     2105430
     2105494
     2105558
     2105622
     2105686
     2105750
     2105814
     2105878
     2105942
     2106006
     2106070
     2106134
     2106198
     2106262
     2106326
     2106390
     2106454
     2106518
     2106582
     2106646
     2106710
     2106774
     2106838
     2106902
     2106966
     2107030
     2107094
     2107158
     2107222
     2107286
     2107350
     2107414
     2107478
     2107542
     2107606
     2107670
     2107734
     2107798
     2107862
     2107926
     2107990
     2108054
     2108118
     2108182
     2108246
     2108310
     2108374
     2108438
     2108502
     2108566
