 -602.280594  -340.855113  4709.494331 
 -734.166353  -330.987944  4678.319534 
 -713.160490   115.139493  4720.558669 
 -777.664038   497.111237  4924.984358 
 -727.128791   557.362151  4783.744162 
 -714.592605   564.178924  4710.111680 
 -470.394949  -350.722274  4740.669100 
 -488.007413    94.536426  4792.527081 
 -529.702822   490.363175  4975.377265 
 -478.060785   554.973302  4836.493843 
 -449.358620   554.040224  4767.207363 
 -602.281300  -340.951270  4709.466883 
 -623.849524  -565.660468  4695.871689 
 -611.413934  -815.721442  4645.395047 
 -621.650826  -872.346083  4555.010037 
 -646.293649  -973.785478  4603.264664 
 -611.413934  -815.721442  4645.395047 
 -491.882199  -762.128421  4693.984954 
 -341.483085  -531.321054  4700.569728 
 -165.487015  -498.311187  4530.004944 
 -165.487015  -498.311187  4530.004944 
 -109.807114  -578.241583  4552.607064 
  -96.781385  -469.287135  4463.390894 
  -96.781385  -469.287135  4463.390894 
 -611.413934  -815.721442  4645.395047 
 -734.048375  -750.995262  4628.325595 
 -844.591317  -504.649391  4573.245426 
 -938.766629  -465.524079  4347.953223 
 -938.766629  -465.524079  4347.953223 
-1016.002272  -529.000260  4350.427787 
 -962.304721  -442.085239  4214.527029 
 -962.304721  -442.085239  4214.527029 
